1192
1204
1339
1460
1669
1806
2083
2219
2262
2406
2416
3080
3966
4278
4740
4759
5135
5261
5448
6087
6452
6910
7160
7234
7735
7919
8146
8372
8530
8738
8892
9729
10461
10501
10512
11093
11165
11309
11826
11945
12208
12379
12862
13047
13275
13562
13684
13987
14910
15384
15446
15544
15554
15687
16095
16420
16642
16951
17289
17348
17506
17641
17854
18054
18083
18240
19000
19124
19243
19683
20075
20235
20255
20285
20879
20985
21342
21997
22582
22649
22759
22992
23017
23351
23535
23566
23865
23869
24082
24220
24230
24361
24447
25252
25487
25492
25960
26679
27173
27402
