121
447
1171
1360
1451
1590
1695
2241
2566
2777
2873
3089
3214
3620
4011
4059
4269
5885
5909
6229
6522
6551
6606
6992
8169
8389
8515
8858
9575
10161
10200
10254
10280
10403
10458
10672
10775
11069
11080
11719
11769
12062
12176
12221
12685
12879
13077
13884
13926
14071
14136
14572
15015
15217
15328
15446
15526
15780
16938
17022
17064
17191
17481
17579
17582
17718
17769
17906
18064
18436
18748
19782
19999
20023
20046
20055
20847
21283
21656
21950
21951
22360
22515
22633
22759
22968
23085
23246
23712
23770
24350
24390
25285
26228
26348
26450
27032
27298
27491
27716
