60
147
387
1085
1111
1645
1746
1819
2464
2568
2901
3199
3825
4927
4957
6060
6103
6318
7016
7570
8074
8533
8557
8793
8825
8917
9530
9782
9929
10145
10441
10452
10629
10973
11482
11638
11661
11699
12165
12661
12745
12839
12949
13257
13537
13700
13810
13864
13882
13918
14068
14555
14711
14775
15777
15916
16113
16415
16693
16802
17018
17077
17179
17523
17660
17813
18079
18234
18286
18314
18436
18665
18744
18804
19120
19261
20566
21301
21469
21573
21637
21826
22009
22157
22937
23790
24275
24491
24604
24648
24770
25296
25568
25627
25774
25904
25907
26417
27000
27729
