38
71
143
233
622
704
980
1162
1303
1478
1606
2267
2553
2564
3238
3285
3594
3663
3994
4158
4293
4813
5403
5506
6340
6680
6992
7180
7264
7443
7523
7610
7709
7735
7836
8143
8596
9099
9157
9239
9447
9457
9817
10020
10124
10324
10400
10598
10640
10872
11281
11323
11414
11522
11990
12578
13206
13376
13542
13705
13977
14176
14182
14319
14523
14732
14798
14806
14986
14997
15165
15769
16103
16162
16301
16426
16698
16833
17055
17278
17319
17349
17408
17468
17973
18370
18391
18416
18477
18713
18747
18822
18862
19078
19223
19236
19330
19416
19621
19857
