6
47
339
719
941
1388
1472
1542
1950
2345
2610
2796
2920
3063
3389
3406
3489
3645
3707
3726
3757
3823
3826
4343
4728
4793
4899
5136
5203
5364
5766
6067
6139
6295
6343
6580
6646
6943
7348
7361
7383
7511
7585
7675
7746
8235
8499
8588
8784
8973
9096
9483
9509
9602
9850
10218
10416
10798
10885
11341
11390
11411
11703
11716
12278
12367
12566
12894
13117
13174
13535
13723
13818
13983
14038
14100
14380
14753
14814
15655
15825
15836
16233
16460
16711
16937
17072
18050
18384
18612
18631
18691
19061
19396
19418
19478
19533
19669
19886
19925
