151
197
384
597
766
1053
1187
1194
1202
1372
1710
1776
2064
2123
2232
2402
2734
2735
3378
3904
4182
4230
4354
4476
4585
4687
5126
5407
5650
5756
5921
5941
6639
7135
7510
7598
7783
7791
7905
8012
8288
8892
8934
9175
9264
9686
9928
10483
10573
10666
10727
10894
10896
10933
10998
11248
11368
11885
12162
12207
12603
12612
12735
12888
12908
12944
12993
13060
13410
13418
13557
13732
13961
14431
14529
14974
15116
15323
15460
15513
15613
15644
15755
15938
16004
16654
16712
16879
17101
17249
17309
17544
17644
17702
18768
19206
19469
19569
19851
19904
