80
870
1305
1530
1722
1847
2266
2493
2501
2932
2976
3013
3075
3095
3106
3218
3245
3298
3602
3872
3920
3979
4032
4732
4843
4873
5163
5344
5566
5711
5765
5888
5928
6034
6112
6131
6178
6839
6937
7025
7170
7195
7283
7314
7483
7593
7696
7714
7915
7971
7984
8283
8338
8409
8495
8594
8989
9016
9235
9361
9423
9468
9477
9671
9672
9676
9916
9931
10045
10121
10212
10353
10384
10408
10459
10550
10697
10805
10819
10986
11052
11064
12292
12879
13581
14356
15614
16097
16673
17047
17852
17862
17948
18503
18507
18589
19153
19551
19738
19951
