  2.5035488e+002 -2.2621453e+000 -1.3490635e+000 -7.5392655e+001 -4.9197229e+001 -1.3884421e+002
 -2.2621453e+000  1.2365512e+002  7.8308683e+001  4.4710287e+000 -7.0516125e+001  3.2811343e+001
 -1.3490635e+000  7.8308683e+001  2.3605002e+002  7.9617096e+001  1.2470579e+001  3.7178552e+001
 -7.5392655e+001  4.4710287e+000  7.9617096e+001  3.1283957e+002  1.2858968e+002  1.6720601e+002
 -4.9197229e+001 -7.0516125e+001  1.2470579e+001  1.2858968e+002  4.8116797e+002  1.3819370e+002
 -1.3884421e+002  3.2811343e+001  3.7178552e+001  1.6720601e+002  1.3819370e+002  1.7132671e+003
