  2.7933690e+002 -3.5182342e+001 -8.9548728e+000 -2.1400631e+001 -2.3222695e+000 -1.9224123e+002
 -3.5182342e+001  1.9937645e+002  6.9170935e+001  1.9108003e+001  1.3030037e+001  1.0683015e+002
 -8.9548728e+000  6.9170935e+001  1.8693882e+002  1.8014972e+001 -2.2991689e+001 -1.2621933e+002
 -2.1400631e+001  1.9108003e+001  1.8014972e+001  2.2655402e+002  5.6799676e+000  5.4843897e+001
 -2.3222695e+000  1.3030037e+001 -2.2991689e+001  5.6799676e+000  4.8904363e+002  2.3887556e+002
 -1.9224123e+002  1.0683015e+002 -1.2621933e+002  5.4843897e+001  2.3887556e+002  1.9805276e+003
