  2.0930497e+002  1.2664394e-011  4.3182210e-011 -1.1096010e+002 -7.6456957e-012  2.0168616e-011
  1.2664394e-011  1.8450262e+002  1.8317068e+001  5.0454143e-012  1.4957985e+002  2.1666921e+002
  4.3182210e-011  1.8317068e+001  1.4020261e+002 -1.5428297e-012 -6.3434511e+001 -8.8212747e+001
 -1.1096010e+002  5.0454143e-012 -1.5428297e-012  2.6338815e+002  1.0429360e-011  4.7534680e-011
 -7.6456957e-012  1.4957985e+002 -6.3434511e+001  1.0429360e-011  4.4303456e+002  4.3113980e+002
  2.0168616e-011  2.1666921e+002 -8.8212747e+001  4.7534680e-011  4.3113980e+002  1.7747407e+003
