  3.6906837e+002 -1.3089481e-011 -5.0109305e-011 -8.7682209e+001  1.2664933e-011  8.0845234e-011
 -1.3089481e-011  7.1191817e+001  3.4278924e+001 -2.0246705e-012  2.0841769e+001 -4.1067941e+001
 -5.0109305e-011  3.4278924e+001  1.3231291e+002 -1.2264771e-011 -3.3461224e+001 -2.1853910e+002
 -8.7682209e+001 -2.0246705e-012 -1.2264771e-011  3.0485105e+002  2.4590042e-012  9.2215804e-011
  1.2664933e-011  2.0841769e+001 -3.3461224e+001  2.4590042e-012  1.8224079e+002  4.1927278e+001
  8.0845234e-011 -4.1067941e+001 -2.1853910e+002  9.2215804e-011  4.1927278e+001  1.6636053e+003
