  3.7707726e+002 -6.6103490e+001 -1.1140869e+001 -1.2919880e+002  6.8793601e+001  4.7700800e+002
 -6.6103490e+001  2.3647651e+002  3.6780805e+001  3.0327184e-001  2.9996585e+001 -1.6429308e+001
 -1.1140869e+001  3.6780805e+001  1.6176607e+002 -7.2407691e+001  3.8290383e+001 -6.9259377e+001
 -1.2919880e+002  3.0327184e-001 -7.2407691e+001  2.4729194e+002 -1.0596849e+002 -2.0370535e+002
  6.8793601e+001  2.9996585e+001  3.8290383e+001 -1.0596849e+002  5.7042331e+002  4.3004605e+002
  4.7700800e+002 -1.6429308e+001 -6.9259377e+001 -2.0370535e+002  4.3004605e+002  2.4207841e+003
