  2.1591085e+002  2.3928740e+001  1.8860183e+000 -6.6852328e+001 -2.5942905e+001  2.1390595e+002
  2.3928740e+001  1.1496447e+002  2.9783190e+001  1.0372526e+001 -2.7246472e+001  1.5681663e+002
  1.8860183e+000  2.9783190e+001  1.8272360e+002 -4.1912905e+001 -3.1296542e+001 -1.8356369e+002
 -6.6852328e+001  1.0372526e+001 -4.1912905e+001  4.9974462e+002 -1.3286174e+002  1.9320686e+001
 -2.5942905e+001 -2.7246472e+001 -3.1296542e+001 -1.3286174e+002  2.1392543e+002 -1.5631101e+001
  2.1390595e+002  1.5681663e+002 -1.8356369e+002  1.9320686e+001 -1.5631101e+001  1.7512773e+003
