{
 "cells": [
  {
   "cell_type": "code",
   "execution_count": 70,
   "metadata": {},
   "outputs": [],
   "source": [
    "import sys, os\n",
    "import numpy as np\n",
    "import scipy as sp\n",
    "import matplotlib.pyplot as plt\n",
    "import matplotlib.cm as cm\n",
    "from typing import List, Tuple, Callable, Any, Dict\n",
    "\n",
    "from methods.PolyCG.polycg.transforms.transform_marginals import send_to_back_permutation\n",
    "from methods.midstep_composites import midstep_composition_transformation, midstep_se3_groundstate\n",
    "from methods.midstep_composites import midstep_composition_transformation_correction\n",
    "from methods.read_nuc_data import read_nucleosome_triads, GenStiffness\n",
    "from methods.free_energy import calculate_midstep_triads, midstep_excess_vals\n",
    "from methods.PolyCG.polycg.SO3 import so3\n",
    "\n",
    "midstep_composition_transformation_correction\n",
    "\n",
    "# from methods.PolyCG.polycg.SO3 import so3\n",
    "# from methods.PolyCG.polycg.transforms.transform_SO3 import euler2rotmat_so3\n",
    "# from methods.PolyCG.polycg.cgnaplus import cgnaplus_bps_params\n",
    "# from methods.PolyCG.polycg.transforms.transform_algebra2group import algebra2group_lintrans, group2algebra_lintrans\n",
    "\n",
    "np.set_printoptions(linewidth=250,precision=5,suppress=True)"
   ]
  },
  {
   "cell_type": "code",
   "execution_count": 2,
   "metadata": {},
   "outputs": [],
   "source": [
    "genstiff = GenStiffness(method='hybrid')   # alternatively you can use the 'crystal' method for the Olson data\n",
    "# genstiff = GenStiffness(method='md')   # alternatively you can use the 'crystal' method for the Olson data\n",
    "seq601 = \"ATCGAGAATCCCGGTGCCGAGGCCGCTCAATTGGTCGTAGACAGCTCTAGCACCGCTTAAACGCACGTACGCGCTGTCCCCCGCGTTTTAACCGCCAAGGGGATTACTCCCTAGTCTCCAGGCACGTGTCAGATATATACATCCGAT\"\n",
    "seq601 = \"CTGGAGAATCCCGGTGCCGAGGCCGCTCAATTGGTCGTAGACAGCTCTAGCACCGCTTAAACGCACGTACGCGCTGTCCCCCGCGTTTTAACCGCCAAGGGGATTACTCCCTAGTCTCCAGGCACGTGTCAGATATATACATCCTGT\"\n",
    "\n",
    "seq601 = \"ATCAATATCCACCTGCAGATACTACCAAAAGTGTATTTGGAAACTGCTCCATCAAAAGGCATGTTCAGCTGGAATCCAGCTGAACATGCCTTTTGATGGAGCAGTTTCCAAATACACTTTTGGTAGTATCTGCAGGTGGATATTGAT\"\n",
    "\n",
    "seq = seq601\n",
    "    \n",
    "stiffmat,groundstate = genstiff.gen_params(seq,use_group=True)\n",
    "triadfn = 'methods/State/Nucleosome.state'\n",
    "nuctriads = read_nucleosome_triads(triadfn)\n",
    "\n",
    "midstep_constraint_locations = [\n",
    "    2, 6, 14, 17, 24, 29, \n",
    "    34, 38, 45, 49, 55, 59, \n",
    "    65, 69, 76, 80, 86, 90, \n",
    "    96, 100, 107, 111, 116, 121, \n",
    "    128, 131, 139, 143\n",
    "]\n",
    "nuc_stiffs = np.load('consts/nuc_stiffs.npy')\n",
    "\n",
    "# dim = 6\n",
    "# for i in range(len(K)//dim):\n",
    "#     print('------------------------------------')\n",
    "#     print(nuc_stiffs[i])\n"
   ]
  },
  {
   "cell_type": "markdown",
   "metadata": {},
   "source": [
    "### Midstep Locations"
   ]
  },
  {
   "cell_type": "code",
   "execution_count": 3,
   "metadata": {},
   "outputs": [
    {
     "name": "stdout",
     "output_type": "stream",
     "text": [
      "19\n",
      "[17, 24, 29, 34, 38, 45, 49, 55, 59, 65, 69, 76, 80, 86, 90, 96, 100, 107, 111]\n"
     ]
    }
   ],
   "source": [
    "def get_midstep_locations(left_open: int, right_open: int):\n",
    "    MIDSTEP_LOCATIONS = [\n",
    "        2, 6, 14, 17, 24, 29, \n",
    "        34, 38, 45, 49, 55, 59, \n",
    "        65, 69, 76, 80, 86, 90, \n",
    "        96, 100, 107, 111, 116, 121, \n",
    "        128, 131, 139, 143\n",
    "    ]\n",
    "    if left_open + right_open > len(MIDSTEP_LOCATIONS):\n",
    "        return []\n",
    "    return MIDSTEP_LOCATIONS[left_open:len(MIDSTEP_LOCATIONS)-right_open]\n",
    "    \n",
    "mid_locs = get_midstep_locations(3,6)\n",
    "print(len(mid_locs))\n",
    "print(mid_locs)"
   ]
  },
  {
   "cell_type": "markdown",
   "metadata": {},
   "source": []
  },
  {
   "cell_type": "code",
   "execution_count": 76,
   "metadata": {},
   "outputs": [
    {
     "name": "stdout",
     "output_type": "stream",
     "text": [
      "0: [ 0.03701 -0.03156  2.39246  0.05723 -0.00677  1.32549]\n",
      "1: [-0.10296 -0.57611 -1.47367 -0.22598  0.59785  2.51961]\n",
      "2: [-0.02376 -0.13162  1.77612 -0.02741  0.0006   0.99844]\n",
      "3: [ 0.32132 -0.73877 -2.0518  -0.32209  0.54344  2.18523]\n",
      "4: [ 0.04597 -0.44367  3.06484  0.14096 -0.17474  1.68807]\n",
      "5: [0.09169 0.78968 2.8168  0.22309 0.40248 1.6085 ]\n",
      "6: [ 0.11834 -0.31172  2.41249 -0.03699 -0.33433  1.31004]\n",
      "7: [ 0.08681 -0.69264 -1.96666 -0.37117  0.59683  2.16678]\n",
      "8: [-0.10847 -0.23681  2.46031 -0.03504 -0.10864  1.33036]\n",
      "9: [ 0.01183 -0.85201 -2.73293  0.22987  0.55489  1.865  ]\n",
      "10: [ 0.17018 -0.42287  2.47143  0.06909 -0.19788  1.31397]\n",
      "11: [ 0.15343 -0.7035  -2.51351 -0.19651  0.44591  1.93623]\n",
      "12: [ 0.05899 -0.2868   2.46727  0.01437 -0.17451  1.34392]\n",
      "13: [-0.00141 -0.67034 -2.00477 -0.17894  0.63352  2.22474]\n",
      "14: [-0.05798 -0.28441  2.46506 -0.03356 -0.12964  1.34865]\n",
      "15: [-0.15162 -0.70068 -2.51623  0.0017   0.57675  1.91166]\n",
      "16: [-0.17074 -0.42659  2.47299 -0.12412 -0.23584  1.30382]\n",
      "17: [-0.0121  -0.852   -2.73167  0.22953  0.66458  1.82925]\n",
      "18: [ 0.10807 -0.23663  2.45919  0.06485 -0.1572   1.32462]\n",
      "19: [-0.08653 -0.69272 -1.96667 -0.17951  0.59747  2.19112]\n",
      "20: [-0.11879 -0.31179  2.41249 -0.03665  0.01795  1.35198]\n",
      "21: [-0.09178  0.78924  2.81666  0.12465  0.45883  1.60405]\n",
      "22: [-0.04576 -0.44398  3.06516  0.08768 -0.31686  1.67092]\n",
      "23: [-0.32153 -0.73843 -2.05212  0.15214  0.90093  2.08339]\n",
      "24: [ 0.02451 -0.13166  1.77447 -0.06237 -0.0757   0.99413]\n",
      "25: [ 0.10301 -0.57591 -1.47204 -0.53121  0.55566  2.48378]\n",
      "26: [-0.03669 -0.03101  2.39251 -0.00093 -0.05037  1.3259 ]\n"
     ]
    }
   ],
   "source": [
    "midstep_triads = calculate_midstep_triads(\n",
    "    midstep_constraint_locations,\n",
    "    nuctriads\n",
    ")\n",
    "gmid = np.zeros((len(midstep_triads)-1,6))\n",
    "for i in range(len(midstep_triads)-1):\n",
    "    gmid[i] = so3.se3_rotmat2euler(np.linalg.inv(midstep_triads[i]) @ midstep_triads[i+1])\n",
    "    print(f'{i}: {gmid[i]}')\n"
   ]
  },
  {
   "cell_type": "markdown",
   "metadata": {},
   "source": [
    "### Diagonal Matrices"
   ]
  },
  {
   "cell_type": "code",
   "execution_count": 4,
   "metadata": {},
   "outputs": [],
   "source": [
    "def get_block_diag(stiffs: np.ndarray, dim: int = 6, left_open: int = 0, right_open: int = 0):\n",
    "    if left_open + right_open > len(stiffs):\n",
    "        return []\n",
    "    right_id = len(stiffs)- right_open\n",
    "    mddim = (len(stiffs)-left_open-right_open)*dim\n",
    "    M = np.zeros((mddim,mddim))\n",
    "    for i in range(len(stiffs)-left_open-right_open):\n",
    "        M[i*dim:(i+1)*dim,i*dim:(i+1)*dim] = stiffs[i+left_open]\n",
    "    return M\n",
    "\n",
    "def set_block_diag(M: np.ndarray,dim: int = 6):\n",
    "    M_diag = np.zeros(M.shape)\n",
    "    for i in range(len(M)//dim):\n",
    "        M_diag[i*dim:(i+1)*dim,i*dim:(i+1)*dim] = M[i*dim:(i+1)*dim,i*dim:(i+1)*dim]\n",
    "    return M_diag\n",
    "\n",
    "def select_partial(M, dim: int = 6, left_open: int = 0, right_open: int = 0, marginalize=True):\n",
    "    n = len(M)//dim\n",
    "    if marginalize:\n",
    "        return np.linalg.inv(np.linalg.inv(M)[left_open*dim:(n-right_open)*dim,left_open*dim:(n-right_open)*dim])\n",
    "    return M[left_open*dim:(n-right_open)*dim,left_open*dim:(n-right_open)*dim]"
   ]
  },
  {
   "cell_type": "markdown",
   "metadata": {},
   "source": [
    "### Calculate K"
   ]
  },
  {
   "cell_type": "code",
   "execution_count": 5,
   "metadata": {},
   "outputs": [
    {
     "name": "stdout",
     "output_type": "stream",
     "text": [
      "------------------------------------\n",
      "[[  3.0282   22.95322 -16.09785 -40.42169 -45.23759  15.51329]\n",
      " [ 22.95154  10.69332  12.88158  37.28228 -48.76198  82.08185]\n",
      " [-16.09736  12.88167 109.65533  67.7421  -31.89796   9.39788]\n",
      " [-40.42182  37.2823   67.74208  26.16685  15.22622  36.92677]\n",
      " [-45.23748 -48.76196 -31.89796  15.22622  52.87443 -23.45244]\n",
      " [ 15.51327  82.08178   9.3979   36.92676 -23.45244 208.02646]]\n",
      "[[ 68.31115  10.0568  -16.63129 -33.2989    1.24314  41.47985]\n",
      " [ 10.0568   81.41818  33.78174 -10.35239 -59.83771  55.44149]\n",
      " [-16.63129  33.78174 168.67984  45.01888 -43.66767 -23.24231]\n",
      " [-33.2989  -10.35239  45.01888  96.36422  23.78331  47.85496]\n",
      " [  1.24314 -59.83771 -43.66767  23.78331 125.1933   16.57614]\n",
      " [ 41.47985  55.44149 -23.24231  47.85496  16.57614 534.27901]]\n",
      "[[ 65.28295 -12.89642  -0.53344   7.12279  46.48073  25.96655]\n",
      " [-12.89474  70.72486  20.90016 -47.63467 -11.07573 -26.64036]\n",
      " [ -0.53393  20.90008  59.02451 -22.72322 -11.76971 -32.64019]\n",
      " [  7.12292 -47.63469 -22.72321  70.19738   8.55709  10.92819]\n",
      " [ 46.48061 -11.07575 -11.76971   8.55709  72.31886  40.02858]\n",
      " [ 25.96658 -26.64029 -32.6402   10.92819  40.02858 326.25255]]\n",
      "[[ 68.31115  10.0568  -16.63129 -33.2989    1.24314  41.47985]\n",
      " [ 10.0568   81.41818  33.78174 -10.35239 -59.83771  55.44149]\n",
      " [-16.63129  33.78174 168.67984  45.01888 -43.66767 -23.24231]\n",
      " [-33.2989  -10.35239  45.01888  96.36422  23.78331  47.85496]\n",
      " [  1.24314 -59.83771 -43.66767  23.78331 125.1933   16.57614]\n",
      " [ 41.47985  55.44149 -23.24231  47.85496  16.57614 534.27901]]\n",
      "------------------------------------\n",
      "[[ 53.17414 -22.1535  -15.60133  31.3428   10.82123  20.19187]\n",
      " [-22.15541  56.78682  17.3648  -17.17242   4.54444 -15.21054]\n",
      " [-15.60131  17.36496  56.68076  -9.39765  -0.83963  18.16685]\n",
      " [ 31.34281 -17.17241  -9.39765  16.14965  -1.56952   4.52532]\n",
      " [ 10.8212    4.54434  -0.83963  -1.56952  39.74374  69.34991]\n",
      " [ 20.19196 -15.21055  18.16686   4.52532  69.34991 164.87362]]\n",
      "[[103.0792  -27.05544 -10.6912   34.87305  34.16777  16.90821]\n",
      " [-27.05544 106.37113  12.56249 -40.90657   2.17501 -21.95507]\n",
      " [-10.6912   12.56249  77.53916  -4.78563   1.65228  10.93495]\n",
      " [ 34.87305 -40.90657  -4.78563  41.42746  -1.57128 -20.94378]\n",
      " [ 34.16777   2.17501   1.65228  -1.57128  57.87174  77.37476]\n",
      " [ 16.90821 -21.95507  10.93495 -20.94378  77.37476 297.97448]]\n",
      "[[ 49.90506  -4.90195   4.91013   3.53026  23.34653  -3.28367]\n",
      " [ -4.90004  49.58431  -4.80231 -23.73415  -2.36943  -6.74453]\n",
      " [  4.91011  -4.80247  20.8584    4.61202   2.49191  -7.2319 ]\n",
      " [  3.53025 -23.73416   4.61202  25.27781  -0.00176 -25.4691 ]\n",
      " [ 23.34657  -2.36933   2.49191  -0.00176  18.12801   8.02484]\n",
      " [ -3.28376  -6.74452  -7.2319  -25.4691    8.02485 133.10086]]\n",
      "[[103.0792  -27.05544 -10.6912   34.87305  34.16777  16.90821]\n",
      " [-27.05544 106.37113  12.56249 -40.90657   2.17501 -21.95507]\n",
      " [-10.6912   12.56249  77.53916  -4.78563   1.65228  10.93495]\n",
      " [ 34.87305 -40.90657  -4.78563  41.42746  -1.57128 -20.94378]\n",
      " [ 34.16777   2.17501   1.65228  -1.57128  57.87174  77.37476]\n",
      " [ 16.90821 -21.95507  10.93495 -20.94378  77.37476 297.97448]]\n",
      "------------------------------------\n",
      "[[ 10.83762  29.23146 -24.76829 -54.30968 -71.5519   -5.3534 ]\n",
      " [ 29.23043  -0.06221 -35.2829   -9.30027 -50.88263  67.47418]\n",
      " [-24.76797 -35.28261 135.0792   86.58534   1.62523  36.85592]\n",
      " [-54.30981  -9.30031  86.58532  38.81656  29.35054 -73.5338 ]\n",
      " [-71.55187 -50.88263   1.62525  29.35054  28.19385 -61.336  ]\n",
      " [ -5.35341  67.4741   36.85593 -73.53381 -61.336   252.09211]]\n",
      "[[ 98.37802  13.84094 -28.5934  -49.02838  -3.83395  17.58404]\n",
      " [ 13.84094  87.83588 -17.41798 -60.56451 -63.37242  32.51928]\n",
      " [-28.5934  -17.41798 198.17423  70.35075 -19.16758 -14.94285]\n",
      " [-49.02838 -60.56451  70.35075 143.08323  38.08181 -76.40139]\n",
      " [ -3.83395 -63.37242 -19.16758  38.08181 158.3528   15.73594]\n",
      " [ 17.58404  32.51928 -14.94285 -76.40139  15.73594 690.80936]]\n",
      "[[ 87.5404  -15.39052  -3.82511   5.28131  67.71795  22.93744]\n",
      " [-15.38949  87.89809  17.86491 -51.26424 -12.48979 -34.9549 ]\n",
      " [ -3.82542  17.86463  63.09503 -16.23459 -20.79281 -51.79877]\n",
      " [  5.28143 -51.26419 -16.23457 104.26667   8.73127  -2.86759]\n",
      " [ 67.71792 -12.48979 -20.79283   8.73127 130.15895  77.07194]\n",
      " [ 22.93745 -34.95482 -51.79878  -2.86758  77.07194 438.71724]]\n",
      "[[ 98.37802  13.84094 -28.5934  -49.02838  -3.83395  17.58404]\n",
      " [ 13.84094  87.83588 -17.41798 -60.56451 -63.37242  32.51928]\n",
      " [-28.5934  -17.41798 198.17423  70.35075 -19.16758 -14.94285]\n",
      " [-49.02838 -60.56451  70.35075 143.08323  38.08181 -76.40139]\n",
      " [ -3.83395 -63.37242 -19.16758  38.08181 158.3528   15.73594]\n",
      " [ 17.58404  32.51928 -14.94285 -76.40139  15.73594 690.80936]]\n",
      "------------------------------------\n",
      "[[ 18.39687 -36.69862 -17.54046  32.66705 -23.23424  21.6458 ]\n",
      " [-36.69952  76.85967   1.04305  -8.90705  34.87161 -21.00555]\n",
      " [-17.54044   1.04297 127.69756   3.30134 -10.94589  -6.75446]\n",
      " [ 32.66707  -8.90703   3.30134  21.36092 -17.46916 -19.75763]\n",
      " [-23.23424  34.87153 -10.94588 -17.46916  37.43077 104.82778]\n",
      " [ 21.64588 -21.0056   -6.75447 -19.75762 104.82777 140.46427]]\n",
      "[[ 70.28028 -39.39919  -9.33844  34.47566   5.18407  26.29151]\n",
      " [-39.39919 128.12364   2.49619 -35.39232  37.35787 -32.20043]\n",
      " [ -9.33844   2.49619 157.17608   1.37476  -6.06592  -7.29486]\n",
      " [ 34.47566 -35.39232   1.37476  43.07396 -17.91054 -16.76802]\n",
      " [  5.18407  37.35787  -6.06592 -17.91054  68.10686  82.46842]\n",
      " [ 26.29151 -32.20043  -7.29486 -16.76802  82.46842 274.94538]]\n",
      "[[ 51.88341  -2.70057   8.20202   1.80861  28.41831   4.64571]\n",
      " [ -2.69967  51.26397   1.45314 -26.48527   2.48627 -11.19488]\n",
      " [  8.20201   1.45322  29.47852  -1.92657   4.87997  -0.54041]\n",
      " [  1.80859 -26.48529  -1.92657  21.71304  -0.44138   2.9896 ]\n",
      " [ 28.41831   2.48634   4.87996  -0.44138  30.67609 -22.35936]\n",
      " [  4.64562 -11.19484  -0.54039   2.9896  -22.35935 134.4811 ]]\n",
      "[[ 70.28028 -39.39919  -9.33844  34.47566   5.18407  26.29151]\n",
      " [-39.39919 128.12364   2.49619 -35.39232  37.35787 -32.20043]\n",
      " [ -9.33844   2.49619 157.17608   1.37476  -6.06592  -7.29486]\n",
      " [ 34.47566 -35.39232   1.37476  43.07396 -17.91054 -16.76802]\n",
      " [  5.18407  37.35787  -6.06592 -17.91054  68.10686  82.46842]\n",
      " [ 26.29151 -32.20043  -7.29486 -16.76802  82.46842 274.94538]]\n",
      "------------------------------------\n",
      "[[  -4.07345    8.31213   28.123     57.03538  -38.77299   17.75737]\n",
      " [   8.31033   -0.61075   -9.3368    45.58415   74.04852  -31.13235]\n",
      " [  28.12326   -9.33661  142.97128  102.79983   28.38834   46.59522]\n",
      " [  57.03545   45.58418  102.79983   59.34807    3.50462    5.4658 ]\n",
      " [ -38.77305   74.04845   28.38834    3.50462   97.81088 -128.07704]\n",
      " [  17.75723  -31.13234   46.59521    5.4658  -128.07704  292.83311]]\n",
      "[[  64.16208    1.39028   27.47406   61.51976    5.29867   10.64046]\n",
      " [   1.39028   71.34692    3.39651   -1.26963   69.27204  -32.30968]\n",
      " [  27.47406    3.39651  182.29873   87.42254   18.64994   17.86352]\n",
      " [  61.51976   -1.26963   87.42254  113.46163    4.71286    6.8766 ]\n",
      " [   5.29867   69.27204   18.64994    4.71286  152.74319 -105.49006]\n",
      " [  10.64046  -32.30968   17.86352    6.8766  -105.49006  542.35609]]\n",
      "[[ 68.23553  -6.92185  -0.64895   4.48438  44.07166  -7.11692]\n",
      " [ -6.92005  71.95767  12.73331 -46.85378  -4.77648  -1.17733]\n",
      " [ -0.6492   12.73312  39.32745 -15.37728  -9.73839 -28.7317 ]\n",
      " [  4.48431 -46.85381 -15.37729  54.11356   1.20824   1.4108 ]\n",
      " [ 44.07173  -4.7764   -9.73839   1.20824  54.93231  22.58698]\n",
      " [ -7.11677  -1.17734 -28.73168   1.4108   22.58698 249.52298]]\n",
      "[[  64.16208    1.39028   27.47406   61.51976    5.29867   10.64046]\n",
      " [   1.39028   71.34692    3.39651   -1.26963   69.27204  -32.30968]\n",
      " [  27.47406    3.39651  182.29873   87.42254   18.64994   17.86352]\n",
      " [  61.51976   -1.26963   87.42254  113.46163    4.71286    6.8766 ]\n",
      " [   5.29867   69.27204   18.64994    4.71286  152.74319 -105.49006]\n",
      " [  10.64046  -32.30968   17.86352    6.8766  -105.49006  542.35609]]\n",
      "------------------------------------\n",
      "[[ 20.39287  22.30626  24.3835  -71.18081 -36.12592   4.56515]\n",
      " [ 22.3055   58.99883  66.25616  -2.69457 -65.5504   13.67668]\n",
      " [ 24.38356  66.25606 164.35818 -19.76076  15.18205  83.19675]\n",
      " [-71.18086  -2.69455 -19.76076  63.89055  17.75955 -13.44792]\n",
      " [-36.12584 -65.55043  15.18204  17.75955  87.48621  78.40091]\n",
      " [  4.56523  13.67672  83.19674 -13.44792  78.4009  282.93401]]\n",
      "[[ 79.64636  15.43658  30.84382 -66.61241   0.58225  13.82493]\n",
      " [ 15.43658 117.03524  73.80324 -38.21654 -64.90035  -6.30621]\n",
      " [ 30.84382  73.80324 201.17461 -26.44396  18.63231  72.47313]\n",
      " [-66.61241 -38.21654 -26.44396 107.68341  15.9262   -5.94527]\n",
      " [  0.58225 -64.90035  18.63231  15.9262  136.51057  57.72815]\n",
      " [ 13.82493  -6.30621  72.47313  -5.94527  57.72815 494.63593]]\n",
      "[[ 59.25349  -6.86968   6.46033   4.56839  36.70816   9.25978]\n",
      " [ -6.86892  58.0364    7.54708 -35.52197   0.65005 -19.98289]\n",
      " [  6.46026   7.54718  36.81643  -6.6832    3.45027 -10.72362]\n",
      " [  4.56844 -35.52199  -6.6832   43.79286  -1.83335   7.50266]\n",
      " [ 36.70809   0.65008   3.45028  -1.83335  49.02436 -20.67276]\n",
      " [  9.2597  -19.98293 -10.72361   7.50265 -20.67275 211.70192]]\n",
      "[[ 79.64636  15.43658  30.84382 -66.61241   0.58225  13.82493]\n",
      " [ 15.43658 117.03524  73.80324 -38.21654 -64.90035  -6.30621]\n",
      " [ 30.84382  73.80324 201.17461 -26.44396  18.63231  72.47313]\n",
      " [-66.61241 -38.21654 -26.44396 107.68341  15.9262   -5.94527]\n",
      " [  0.58225 -64.90035  18.63231  15.9262  136.51057  57.72815]\n",
      " [ 13.82493  -6.30621  72.47313  -5.94527  57.72815 494.63593]]\n",
      "------------------------------------\n",
      "[[  -2.19915   28.13445  -32.00378  -50.65013  -46.3423    23.50216]\n",
      " [  28.13393   31.40727  -69.39673    5.53782  -58.08193  119.34633]\n",
      " [ -32.00382  -69.39676  147.44231   85.05978   -2.87464   70.81976]\n",
      " [ -50.65013    5.53786   85.05979   26.08165   -4.68944  -57.21823]\n",
      " [ -46.3423   -58.08197   -2.87464   -4.68944   61.63334 -115.26705]\n",
      " [  23.50212  119.34625   70.81975  -57.21824 -115.26704  167.47871]]\n",
      "[[ 69.7338   20.39065 -23.51632 -44.13111   4.00452  20.40617]\n",
      " [ 20.39065 107.64001 -52.08861 -38.10406 -72.53959  69.69233]\n",
      " [-23.51632 -52.08861 193.55548  72.39321  -5.49035  34.44624]\n",
      " [-44.13111 -38.10406  72.39321 107.83755  -3.97976 -70.73168]\n",
      " [  4.00452 -72.53959  -5.49035  -3.97976 145.12209 -61.97331]\n",
      " [ 20.40617  69.69233  34.44624 -70.73168 -61.97331 481.24534]]\n",
      "[[ 71.93295  -7.7438    8.48746   6.51902  50.34683  -3.096  ]\n",
      " [ -7.74328  76.23274  17.30812 -43.64188 -14.45766 -49.654  ]\n",
      " [  8.48751  17.30815  46.11317 -12.66657  -2.61571 -36.37353]\n",
      " [  6.51902 -43.64192 -12.66658  81.7559    0.70967 -13.51345]\n",
      " [ 50.34682 -14.45761  -2.61571   0.70968  83.48875  53.29374]\n",
      " [ -3.09595 -49.65392 -36.37352 -13.51344  53.29373 313.76663]]\n",
      "[[ 69.7338   20.39065 -23.51632 -44.13111   4.00452  20.40617]\n",
      " [ 20.39065 107.64001 -52.08861 -38.10406 -72.53959  69.69233]\n",
      " [-23.51632 -52.08861 193.55548  72.39321  -5.49035  34.44624]\n",
      " [-44.13111 -38.10406  72.39321 107.83755  -3.97976 -70.73168]\n",
      " [  4.00452 -72.53959  -5.49035  -3.97976 145.12209 -61.97331]\n",
      " [ 20.40617  69.69233  34.44624 -70.73168 -61.97331 481.24534]]\n",
      "------------------------------------\n",
      "[[ 44.30899 -17.14185  -1.38284  45.0536   -5.81773  21.24297]\n",
      " [-17.14267  89.2231  -29.70646 -17.07921  46.40001  -0.49173]\n",
      " [ -1.38276 -29.70657 134.3271    8.39299 -21.23658  23.86232]\n",
      " [ 45.05354 -17.0792    8.393    37.48035 -21.67765 -35.88765]\n",
      " [ -5.8177   46.39997 -21.23658 -21.67765  41.1164   78.86367]\n",
      " [ 21.24305  -0.49172  23.86232 -35.88765  78.86367 258.78133]]\n",
      "[[ 98.16964 -21.36645   6.54787  48.298    22.67864  18.74187]\n",
      " [-21.36645 142.79519 -31.07666 -45.22212  44.63614  -7.79758]\n",
      " [  6.54787 -31.07666 158.65851   8.87718 -15.18109  17.24449]\n",
      " [ 48.298   -45.22212   8.87718  66.70825 -17.90276 -56.94627]\n",
      " [ 22.67864  44.63614 -15.18109 -17.90276  67.01553  69.16344]\n",
      " [ 18.74187  -7.79758  17.24449 -56.94627  69.16344 410.24849]]\n",
      "[[ 53.86065  -4.22459   7.9307    3.2444   28.49637  -2.50111]\n",
      " [ -4.22377  53.5721   -1.3702  -28.1429   -1.76388  -7.30586]\n",
      " [  7.93062  -1.3701   24.33141   0.48419   6.05549  -6.61783]\n",
      " [  3.24446 -28.14292   0.48419  29.22791   3.77489 -21.05862]\n",
      " [ 28.49634  -1.76383   6.05549   3.7749   25.89913  -9.70023]\n",
      " [ -2.50118  -7.30586  -6.61782 -21.05862  -9.70023 151.46716]]\n",
      "[[ 98.16964 -21.36645   6.54787  48.298    22.67864  18.74187]\n",
      " [-21.36645 142.79519 -31.07666 -45.22212  44.63614  -7.79758]\n",
      " [  6.54787 -31.07666 158.65851   8.87718 -15.18109  17.24449]\n",
      " [ 48.298   -45.22212   8.87718  66.70825 -17.90276 -56.94627]\n",
      " [ 22.67864  44.63614 -15.18109 -17.90276  67.01553  69.16344]\n",
      " [ 18.74187  -7.79758  17.24449 -56.94627  69.16344 410.24849]]\n",
      "------------------------------------\n",
      "[[  39.03075   26.74263  -78.08734  -88.40356  -25.0161   -63.94582]\n",
      " [  26.74209   54.62993  -94.90653   -1.5695   -69.29564   44.80301]\n",
      " [ -78.08734  -94.90657  185.10354  131.98863  -43.71005   75.8617 ]\n",
      " [ -88.40358   -1.56948  131.98863  113.97218  -25.32191 -176.43978]\n",
      " [ -25.01612  -69.29573  -43.71005  -25.32191  147.89812 -158.25102]\n",
      " [ -63.94584   44.80303   75.86171 -176.43978 -158.25101  489.27873]]\n",
      "[[ 120.16401   15.61283  -78.11826  -87.12557   35.6161   -47.56381]\n",
      " [  15.61283  135.0238   -71.28972  -50.53104  -86.16883   14.09752]\n",
      " [ -78.11826  -71.28972  244.759    101.06459  -60.01838   42.35013]\n",
      " [ -87.12557  -50.53104  101.06459  191.8435   -17.46315 -158.44922]\n",
      " [  35.6161   -86.16883  -60.01838  -17.46315  241.22118  -87.07659]\n",
      " [ -47.56381   14.09752   42.35013 -158.44922  -87.07659  819.66919]]\n",
      "[[ 81.13326 -11.1298   -0.03092   1.27799  60.6322   16.38201]\n",
      " [-11.12925  80.39387  23.61682 -48.96153 -16.8732  -30.70549]\n",
      " [ -0.03092  23.61686  59.65546 -30.92404 -16.30833 -33.51158]\n",
      " [  1.27802 -48.96156 -30.92405  77.87132   7.85875  17.99056]\n",
      " [ 60.63222 -16.87311 -16.30833   7.85876  93.32306  71.17443]\n",
      " [ 16.38203 -30.7055  -33.51158  17.99055  71.17443 330.39046]]\n",
      "[[ 120.16401   15.61283  -78.11826  -87.12557   35.6161   -47.56381]\n",
      " [  15.61283  135.0238   -71.28972  -50.53104  -86.16883   14.09752]\n",
      " [ -78.11826  -71.28972  244.759    101.06459  -60.01838   42.35013]\n",
      " [ -87.12557  -50.53104  101.06459  191.8435   -17.46315 -158.44922]\n",
      " [  35.6161   -86.16883  -60.01838  -17.46315  241.22118  -87.07659]\n",
      " [ -47.56381   14.09752   42.35013 -158.44922  -87.07659  819.66919]]\n",
      "------------------------------------\n",
      "[[  9.10629  22.35045 -34.54451  38.0638  -12.48984  -4.16196]\n",
      " [ 22.34996   3.01005  -7.30153  35.93105  32.40332 -29.9061 ]\n",
      " [-34.5445   -7.30152 179.70981 -11.31478 -19.80936   1.94062]\n",
      " [ 38.06377  35.931   -11.31478  51.37281  10.50452  36.69747]\n",
      " [-12.48984  32.40327 -19.80936  10.50451  47.86117 130.11816]\n",
      " [ -4.16191 -29.90609   1.94062  36.69747 130.11816 444.79315]]\n",
      "[[ 71.98892  17.43455 -29.98351  46.16927  28.58249 -18.37558]\n",
      " [ 17.43455  62.09725  -6.96805   1.9755   33.76073 -25.73416]\n",
      " [-29.98351  -6.96805 205.69985 -13.52712 -18.83399  -1.42216]\n",
      " [ 46.16927   1.9755  -13.52712  85.06906  11.72637  36.47819]\n",
      " [ 28.58249  33.76073 -18.83399  11.72637  99.83897  88.82789]\n",
      " [-18.37558 -25.73416  -1.42216  36.47819  88.82789 599.95482]]\n",
      "[[ 62.88263  -4.9159    4.561     8.10546  41.07232 -14.21362]\n",
      " [ -4.91541  59.08719   0.33349 -33.95555   1.35741   4.17195]\n",
      " [  4.56098   0.33348  25.99003  -2.21234   0.97538  -3.36278]\n",
      " [  8.1055  -33.9555   -2.21234  33.69625   1.22186  -0.21928]\n",
      " [ 41.07232   1.35746   0.97537   1.22186  51.97781 -41.29027]\n",
      " [-14.21367   4.17193  -3.36278  -0.21928 -41.29027 155.16167]]\n",
      "[[ 71.98892  17.43455 -29.98351  46.16927  28.58249 -18.37558]\n",
      " [ 17.43455  62.09725  -6.96805   1.9755   33.76073 -25.73416]\n",
      " [-29.98351  -6.96805 205.69985 -13.52712 -18.83399  -1.42216]\n",
      " [ 46.16927   1.9755  -13.52712  85.06906  11.72637  36.47819]\n",
      " [ 28.58249  33.76073 -18.83399  11.72637  99.83897  88.82789]\n",
      " [-18.37558 -25.73416  -1.42216  36.47819  88.82789 599.95482]]\n",
      "------------------------------------\n",
      "[[ -12.51068   49.25676  -29.98671  -73.37973  -69.75423    1.94947]\n",
      " [  49.2566    74.68918  -56.3638   -18.98608  -83.22329   60.87716]\n",
      " [ -29.98665  -56.36381  157.12537   95.77382  -56.12604   50.27243]\n",
      " [ -73.37974  -18.98608   95.77382   90.18906   35.14879  -66.47938]\n",
      " [ -69.75419  -83.22334  -56.12603   35.14879   77.50961 -185.94929]\n",
      " [   1.94944   60.87717   50.27243  -66.47938 -185.94929  317.73352]]\n",
      "[[  73.31343   39.27065  -32.80508  -80.13748   -7.07947   19.9029 ]\n",
      " [  39.27065  159.05262  -30.98189  -67.88629 -104.04868   35.96369]\n",
      " [ -32.80508  -30.98189  217.64936   72.19172  -75.54472   12.29166]\n",
      " [ -80.13748  -67.88629   72.19172  173.04671   29.41112  -87.0184 ]\n",
      " [  -7.07947 -104.04868  -75.54472   29.41112  174.15654 -110.72606]\n",
      " [  19.9029    35.96369   12.29166  -87.0184  -110.72606  612.52772]]\n",
      "[[ 85.82411  -9.98611  -2.81837  -6.75775  62.67476  17.95343]\n",
      " [ -9.98595  84.36344  25.38191 -48.9002  -20.82538 -24.91347]\n",
      " [ -2.81843  25.38192  60.52399 -23.58209 -19.41868 -37.98077]\n",
      " [ -6.75774 -48.90021 -23.58209  82.85765  -5.73768 -20.53902]\n",
      " [ 62.67472 -20.82533 -19.41869  -5.73767  96.64693  75.22324]\n",
      " [ 17.95346 -24.91348 -37.98076 -20.53902  75.22323 294.7942 ]]\n",
      "[[  73.31343   39.27065  -32.80508  -80.13748   -7.07947   19.9029 ]\n",
      " [  39.27065  159.05262  -30.98189  -67.88629 -104.04868   35.96369]\n",
      " [ -32.80508  -30.98189  217.64936   72.19172  -75.54472   12.29166]\n",
      " [ -80.13748  -67.88629   72.19172  173.04671   29.41112  -87.0184 ]\n",
      " [  -7.07947 -104.04868  -75.54472   29.41112  174.15654 -110.72606]\n",
      " [  19.9029    35.96369   12.29166  -87.0184  -110.72606  612.52772]]\n",
      "------------------------------------\n",
      "[[  38.68052   -3.99748  -27.95006   59.60886  -16.75604   34.84299]\n",
      " [  -3.99777   69.07011  -15.78044   19.28181   53.09554    9.46417]\n",
      " [ -27.95007  -15.78049  208.84633   -4.26448  -29.00481   -9.02616]\n",
      " [  59.60886   19.28179   -4.26448   70.13637   -2.80197 -129.44084]\n",
      " [ -16.75604   53.0955   -29.00482   -2.80197   61.89092   89.00114]\n",
      " [  34.84302    9.46416   -9.02616 -129.44084   89.00113  444.51265]]\n",
      "[[ 105.46913   -4.40327  -22.80253   58.50036   23.75178   30.89292]\n",
      " [  -4.40327  124.83181   -9.69147  -11.5016    55.86838  -13.1082 ]\n",
      " [ -22.80253   -9.69147  236.17357   -9.47516  -26.54368  -19.72035]\n",
      " [  58.50036  -11.5016    -9.47516  100.76388   -6.6666  -116.4438 ]\n",
      " [  23.75178   55.86838  -26.54368   -6.6666   104.26836   68.39045]\n",
      " [  30.89292  -13.1082   -19.72035 -116.4438    68.39045  641.40864]]\n",
      "[[ 66.78862  -0.40579   5.14753  -1.1085   40.50783  -3.95007]\n",
      " [ -0.4055   55.7617    6.08897 -30.78341   2.77284 -22.57237]\n",
      " [  5.14754   6.08901  27.32725  -5.21068   2.46113 -10.6942 ]\n",
      " [ -1.10851 -30.78338  -5.21068  30.6275   -3.86463  12.99704]\n",
      " [ 40.50782   2.77288   2.46113  -3.86463  42.37744 -20.61069]\n",
      " [ -3.9501  -22.57236 -10.69419  12.99704 -20.61068 196.89599]]\n",
      "[[ 105.46913   -4.40327  -22.80253   58.50036   23.75178   30.89292]\n",
      " [  -4.40327  124.83181   -9.69147  -11.5016    55.86838  -13.1082 ]\n",
      " [ -22.80253   -9.69147  236.17357   -9.47516  -26.54368  -19.72035]\n",
      " [  58.50036  -11.5016    -9.47516  100.76388   -6.6666  -116.4438 ]\n",
      " [  23.75178   55.86838  -26.54368   -6.6666   104.26836   68.39045]\n",
      " [  30.89292  -13.1082   -19.72035 -116.4438    68.39045  641.40864]]\n",
      "------------------------------------\n",
      "[[  16.60722   51.13873  -74.19965  -95.37895  -64.6227   -14.01896]\n",
      " [  51.13853   32.67505  -93.29651  -23.82205  -19.35      57.88703]\n",
      " [ -74.19963  -93.29646  198.15483  154.62363  -24.54809   51.9499 ]\n",
      " [ -95.37894  -23.82204  154.62363  118.74873  -16.26637  -32.37681]\n",
      " [ -64.6227   -19.35003  -24.54809  -16.26637   58.78918 -172.09535]\n",
      " [ -14.01898   57.88703   51.9499   -32.37681 -172.09535  298.64649]]\n",
      "[[  97.14831   38.09965  -72.45672  -95.22342   -7.54766    0.51978]\n",
      " [  38.09965  111.32232  -75.77257  -67.8333   -43.10647   22.62587]\n",
      " [ -72.45672  -75.77257  250.79878  139.08441  -36.9273    18.50152]\n",
      " [ -95.22342  -67.8333   139.08441  193.12926  -15.19582  -40.08985]\n",
      " [  -7.54766  -43.10647  -36.9273   -15.19582  148.23291 -104.03143]\n",
      " [   0.51978   22.62587   18.50152  -40.08985 -104.03143  584.36437]]\n",
      "[[ 80.54108 -13.03908   1.74293   0.15553  57.07504  14.53874]\n",
      " [-13.03888  78.64727  17.52394 -44.01125 -23.75647 -35.26116]\n",
      " [  1.74291  17.52389  52.64395 -15.53922 -12.37922 -33.44838]\n",
      " [  0.15552 -44.01126 -15.53922  74.38053   1.07055  -7.71305]\n",
      " [ 57.07504 -23.75644 -12.37922   1.07055  89.44374  68.06392]\n",
      " [ 14.53876 -35.26116 -33.44838  -7.71304  68.06392 285.71788]]\n",
      "[[  97.14831   38.09965  -72.45672  -95.22342   -7.54766    0.51978]\n",
      " [  38.09965  111.32232  -75.77257  -67.8333   -43.10647   22.62587]\n",
      " [ -72.45672  -75.77257  250.79878  139.08441  -36.9273    18.50152]\n",
      " [ -95.22342  -67.8333   139.08441  193.12926  -15.19582  -40.08985]\n",
      " [  -7.54766  -43.10647  -36.9273   -15.19582  148.23291 -104.03143]\n",
      " [   0.51978   22.62587   18.50152  -40.08985 -104.03143  584.36437]]\n",
      "------------------------------------\n",
      "[[ 57.05301 -19.75451 -27.90948  54.22104  -6.2798    7.89458]\n",
      " [-19.75455  66.76972 -20.18935 -14.05962  36.37563 -10.23929]\n",
      " [-27.90943 -20.18937 136.84421 -27.22918 -21.58578  -3.51028]\n",
      " [ 54.22105 -14.05963 -27.22918  24.18794  -3.70608  17.75754]\n",
      " [ -6.27978  36.37561 -21.58578  -3.70608  38.8143   90.42308]\n",
      " [  7.89461 -10.2393   -3.51029  17.75754  90.42308 287.56907]]\n",
      "[[117.97519 -20.47774 -19.36312  55.29901  25.88573  10.14144]\n",
      " [-20.47774 121.49663 -18.35705 -41.07447  36.88489 -21.1547 ]\n",
      " [-19.36312 -18.35705 162.4337  -29.68537 -16.42523  -6.64794]\n",
      " [ 55.29901 -41.07447 -29.68537  52.4859    0.00727  -4.72994]\n",
      " [ 25.88573  36.88489 -16.42523   0.00727  67.50962  75.97675]\n",
      " [ 10.14144 -21.1547   -6.64794  -4.72994  75.97675 454.15774]]\n",
      "[[ 60.92218  -0.72323   8.54635   1.07798  32.16553   2.24687]\n",
      " [ -0.72319  54.72691   1.8323  -27.01485   0.50925 -10.91541]\n",
      " [  8.5463    1.83232  25.5895   -2.45619   5.16056  -3.13765]\n",
      " [  1.07796 -27.01484  -2.45619  28.29796   3.71335 -22.48749]\n",
      " [ 32.16552   0.50927   5.16055   3.71335  28.69533 -14.44633]\n",
      " [  2.24683 -10.9154   -3.13765 -22.48748 -14.44633 166.58867]]\n",
      "[[117.97519 -20.47774 -19.36312  55.29901  25.88573  10.14144]\n",
      " [-20.47774 121.49663 -18.35705 -41.07447  36.88489 -21.1547 ]\n",
      " [-19.36312 -18.35705 162.4337  -29.68537 -16.42523  -6.64794]\n",
      " [ 55.29901 -41.07447 -29.68537  52.4859    0.00727  -4.72994]\n",
      " [ 25.88573  36.88489 -16.42523   0.00727  67.50962  75.97675]\n",
      " [ 10.14144 -21.1547   -6.64794  -4.72994  75.97675 454.15774]]\n",
      "------------------------------------\n",
      "[[  36.32819   24.38383  -75.61703  -97.76958  -24.68188  -20.04189]\n",
      " [  24.38376   38.32072  -95.29725  -15.33083  -48.20616   79.75031]\n",
      " [ -75.61705  -95.29724  224.26248  159.20441  -25.02112   17.87002]\n",
      " [ -97.76957  -15.33082  159.20441  128.93244   -8.85736  -89.87183]\n",
      " [ -24.68189  -48.20617  -25.02113   -8.85736   95.34758 -173.08918]\n",
      " [ -20.04192   79.75029   17.87001  -89.87183 -173.08917  325.11637]]\n",
      "[[ 116.87109   11.215    -73.56417  -96.48238   32.60674   -5.60319]\n",
      " [  11.215    117.11738  -77.77354  -60.67511  -72.08934   45.35078]\n",
      " [ -73.56417  -77.77354  276.90209  142.40586  -37.23749  -15.24746]\n",
      " [ -96.48238  -60.67511  142.40586  202.78198   -5.18581  -89.33916]\n",
      " [  32.60674  -72.08934  -37.23749   -5.18581  186.43498 -102.05502]\n",
      " [  -5.60319   45.35078  -15.24746  -89.33916 -102.05502  612.47938]]\n",
      "[[ 80.5429  -13.16883   2.05286   1.2872   57.28862  14.43871]\n",
      " [-13.16876  78.79666  17.52371 -45.34428 -23.88319 -34.39953]\n",
      " [  2.05288  17.52371  52.63961 -16.79855 -12.21637 -33.11747]\n",
      " [  1.28719 -45.34429 -16.79855  73.84954   3.67155   0.53266]\n",
      " [ 57.28863 -23.88317 -12.21636   3.67155  91.08741  71.03416]\n",
      " [ 14.43874 -34.39951 -33.11747   0.53266  71.03415 287.363  ]]\n",
      "[[ 116.87109   11.215    -73.56417  -96.48238   32.60674   -5.60319]\n",
      " [  11.215    117.11738  -77.77354  -60.67511  -72.08934   45.35078]\n",
      " [ -73.56417  -77.77354  276.90209  142.40586  -37.23749  -15.24746]\n",
      " [ -96.48238  -60.67511  142.40586  202.78198   -5.18581  -89.33916]\n",
      " [  32.60674  -72.08934  -37.23749   -5.18581  186.43498 -102.05502]\n",
      " [  -5.60319   45.35078  -15.24746  -89.33916 -102.05502  612.47938]]\n",
      "------------------------------------\n",
      "[[ 27.2637    2.22551  -4.73867  47.92504 -21.84385 -11.2732 ]\n",
      " [  2.22543  41.18313 -15.98793   9.52567  61.16717 -12.90643]\n",
      " [ -4.73865 -15.98794 217.32293   1.18228 -15.84845  20.25723]\n",
      " [ 47.92504   9.52566   1.18228  57.43237   3.49146 101.01915]\n",
      " [-21.84386  61.16715 -15.84844   3.49146  70.59342 129.59604]\n",
      " [-11.27318 -12.90643  20.25723 101.01915 129.59603 350.4387 ]]\n",
      "[[ 85.78702  -5.3113    3.48763  51.94869  12.881    -7.58795]\n",
      " [ -5.3113  102.96575 -13.05561 -23.969    55.08113 -26.82825]\n",
      " [  3.48763 -13.05561 246.64429  -1.41308  -9.21191   6.59408]\n",
      " [ 51.94869 -23.969    -1.41308  93.99094  10.25492  78.87559]\n",
      " [ 12.881    55.08113  -9.21191  10.25492 109.35594 113.75072]\n",
      " [ -7.58795 -26.82825   6.59408  78.87559 113.75072 543.02788]]\n",
      "[[ 58.52332  -7.53681   8.2263    4.02365  34.72485   3.68526]\n",
      " [ -7.53673  61.78262   2.93232 -33.49467  -6.08605 -13.92182]\n",
      " [  8.22628   2.93234  29.32136  -2.59537   6.63654 -13.66315]\n",
      " [  4.02366 -33.49466  -2.59537  36.55857   6.76346 -22.14357]\n",
      " [ 34.72486  -6.08602   6.63653   6.76346  38.76252 -15.84532]\n",
      " [  3.68524 -13.92182 -13.66315 -22.14357 -15.84532 192.58919]]\n",
      "[[ 85.78702  -5.3113    3.48763  51.94869  12.881    -7.58795]\n",
      " [ -5.3113  102.96575 -13.05561 -23.969    55.08113 -26.82825]\n",
      " [  3.48763 -13.05561 246.64429  -1.41308  -9.21191   6.59408]\n",
      " [ 51.94869 -23.969    -1.41308  93.99094  10.25492  78.87559]\n",
      " [ 12.881    55.08113  -9.21191  10.25492 109.35594 113.75072]\n",
      " [ -7.58795 -26.82825   6.59408  78.87559 113.75072 543.02788]]\n",
      "------------------------------------\n",
      "[[   3.24789   35.60368  -70.33676  -71.54232  -46.23594  -21.92649]\n",
      " [  35.6035    20.40975 -112.3371    -4.42253  -15.97382   26.5574 ]\n",
      " [ -70.33677 -112.33711  174.11553  154.67666    1.23558   37.38138]\n",
      " [ -71.54232   -4.42251  154.67666   97.73051    1.70654 -120.48961]\n",
      " [ -46.23595  -15.97385    1.23558    1.70654   31.91695 -127.31445]\n",
      " [ -21.92651   26.55738   37.38138 -120.48962 -127.31444  227.62971]]\n",
      "[[  86.83642   18.54202  -73.56592  -67.25384   16.86548   -1.7423 ]\n",
      " [  18.54202  103.01137  -89.75028  -54.96367  -44.61708   -3.62942]\n",
      " [ -73.56592  -89.75028  233.88225  126.94948  -20.12596    5.35638]\n",
      " [ -67.25384  -54.96367  126.94948  175.4356    13.44774 -105.31224]\n",
      " [  16.86548  -44.61708  -20.12596   13.44774  139.57979  -42.90885]\n",
      " [  -1.7423    -3.62942    5.35638 -105.31224  -42.90885  523.18053]]\n",
      "[[ 83.58853 -17.06166  -3.22916   4.28848  63.10142  20.18419]\n",
      " [-17.06147  82.60162  22.58682 -50.54114 -28.64325 -30.18682]\n",
      " [ -3.22915  22.58683  59.76672 -27.72717 -21.36154 -32.025  ]\n",
      " [  4.28848 -50.54115 -27.72717  77.70509  11.7412   15.17737]\n",
      " [ 63.10143 -28.64323 -21.36154  11.7412  107.66284  84.4056 ]\n",
      " [ 20.18421 -30.1868  -32.025    15.17737  84.40559 295.55082]]\n",
      "[[  86.83642   18.54202  -73.56592  -67.25384   16.86548   -1.7423 ]\n",
      " [  18.54202  103.01137  -89.75028  -54.96367  -44.61708   -3.62942]\n",
      " [ -73.56592  -89.75028  233.88225  126.94948  -20.12596    5.35638]\n",
      " [ -67.25384  -54.96367  126.94948  175.4356    13.44774 -105.31224]\n",
      " [  16.86548  -44.61708  -20.12596   13.44774  139.57979  -42.90885]\n",
