171
1404
1434
1654
1771
3054
3895
3980
4026
4189
4261
4510
4737
4939
5288
5638
5722
5786
5996
6563
6671
7219
7372
7735
8379
8953
9157
9224
9574
10142
10184
10239
10254
10514
10665
10889
10974
10979
11012
11156
11270
11291
11302
11368
11457
11781
11912
12022
12229
12317
12380
12542
12605
12721
12989
13063
13115
13922
14019
14176
14312
14419
14524
14538
14715
14908
15276
15335
15414
15736
15988
16021
16294
16354
17022
17406
17818
17958
18012
18111
18440
18442
19782
20024
20305
21005
22100
22521
22806
23103
23157
23225
23299
23306
23970
24484
25094
25150
27023
27561
