24
377
1833
1950
2022
2293
2643
2748
2931
3207
4025
4096
4128
4294
4345
5045
5084
5233
5639
5659
5862
6135
6163
6679
6723
6861
7190
7382
7828
8315
9187
9320
9440
9483
10095
10839
10846
10871
11075
11222
11901
12384
12408
12728
12992
13126
13751
14055
14059
14103
14168
14656
14765
14776
14856
14962
15071
15311
15728
16035
16060
16275
16431
16484
16793
17040
17501
17656
17887
18023
18154
18427
19140
19342
20150
20199
20831
20905
21349
21879
22427
22653
23005
23229
23396
23820
24068
24196
24730
24732
25247
25401
25555
25649
25828
25986
26250
26462
26935
27276
