296
1604
2520
2751
3112
4072
4189
5006
5082
5185
5538
5631
5979
6037
6540
6705
7684
7926
8022
8337
8430
8455
8612
8622
8919
9004
9335
9364
9433
9493
9993
10000
10233
10519
10615
10806
10926
10996
11022
11236
11608
11905
12043
12049
12110
12298
12302
12618
12650
13977
14450
14538
14712
14908
15150
15326
15344
15650
15695
15701
16077
16094
16564
16591
17482
17780
17826
17993
17998
18457
19232
19435
19772
20033
21288
21453
21911
21990
22040
22543
22696
22789
22806
23958
24156
24299
24484
24500
24709
24813
24819
24824
24895
25106
25351
25368
25757
26047
26403
27257
