110
1106
1149
1407
2314
2727
4060
4063
4417
4489
5219
5272
5424
5909
5983
6473
6642
7220
8301
8313
8406
9494
9583
9745
10263
10468
10570
10615
10681
10736
11174
11403
11473
11515
11841
12001
12466
12552
13311
13585
14053
14264
14404
14423
14582
14668
15519
15613
15640
16008
16113
16362
16450
16460
16579
16658
16969
17022
17507
17537
17538
17752
17892
18166
18173
18389
18873
19021
20625
20848
21060
21461
21638
21662
22685
22712
22766
22830
23001
23255
23908
23962
23966
24149
24439
24460
24694
25085
25595
25625
25824
26230
26732
26784
26810
26934
26985
27302
27407
27572
