170
869
1374
1383
1438
1606
1619
1771
1812
1843
2244
3329
3666
3902
3925
4004
4229
4237
4329
4510
5084
5254
5304
5638
5748
6912
7732
7735
8158
8726
8961
9196
9506
9690
10184
10395
10522
10786
10889
10997
11012
11137
11268
11270
11291
11449
12085
12467
12542
12681
12894
12899
12924
13304
13377
13510
14112
14312
14908
15374
15499
15861
15946
15980
16604
16868
16989
17059
17289
17406
17696
17911
18091
18111
18479
18810
19782
19874
20238
21101
22122
22535
23103
23225
23299
23311
23417
24052
24209
24286
24845
25072
25313
25893
26362
26378
26713
27106
27712
27734
