778
1006
1090
1277
1329
1625
1788
2196
2625
2885
2891
2941
3196
3319
3534
3790
4077
4142
4181
4593
4867
4923
5186
5289
5336
6120
6206
6239
6244
6439
6629
6648
6891
7059
7172
7298
7423
7465
7603
7932
8013
8083
8272
8406
8431
8816
8941
9013
9136
9261
9721
10053
10551
10585
10985
11081
11348
11642
11681
11763
11890
11895
12066
12118
12142
12169
12214
12283
12304
12682
12772
12800
12853
12865
13076
13252
13409
13641
15060
15270
15510
15801
16032
16102
16159
16508
16733
17284
17479
17507
18155
18348
18774
19090
19157
19349
19374
19405
19474
19735
