159
320
419
465
546
731
894
1191
1568
1620
1811
1882
2565
2655
2788
3176
3240
3277
3339
3609
3668
3912
3966
4033
4471
4590
4844
4854
5065
5092
5334
5367
5417
5488
5639
6429
6583
6612
6975
7030
7416
7577
7664
7760
8464
8478
9667
9721
9729
9764
10262
10436
10523
10737
10833
10897
11114
11244
11279
11368
11488
11536
11605
11843
11876
12064
12246
12438
12949
13555
13588
13801
14588
14646
14796
14806
14999
15056
15088
15182
15807
16015
16117
16707
17152
17166
17567
17743
17883
18205
18421
18493
18638
19067
19157
19219
19540
19624
19646
19980
