14
172
895
981
984
1561
1572
1646
1949
2137
2209
2326
2458
2510
2533
2552
2944
3335
3461
3508
3651
3836
3911
4287
4289
4341
4816
4861
4876
4929
5093
5132
5197
5667
6547
7339
7552
7888
7901
7937
8073
8121
8185
8381
8545
8599
9818
9999
10112
10350
11144
11261
11441
11772
11876
12524
12725
12853
12933
13392
13640
13838
14526
14639
14793
15013
15166
15223
15418
15859
15979
16034
16048
16272
16290
16457
16780
17199
17361
17395
17417
17470
17546
17598
17642
17722
17802
18175
18329
18341
18380
18448
18609
18792
18807
19283
19329
19432
19682
19773
