194
376
391
471
574
693
877
982
1396
1461
1877
2013
2404
2446
2748
2843
2884
2972
2983
3005
3412
3679
3708
3908
3931
4075
4268
4315
4368
4606
4943
5249
5326
5427
5628
6073
6207
6474
6496
6518
6668
6913
7594
7687
7802
7878
8182
8234
8287
8426
8770
8912
9019
9246
9539
10436
10911
10993
11415
11422
11710
11843
12526
12696
12800
12826
13044
13152
13223
13238
13353
13392
13563
13870
14141
14175
14350
14734
14844
15133
15477
15566
15826
15983
16048
16125
16250
16264
16311
16956
17283
17999
18010
18040
18403
18579
18709
19268
19297
19448
