518
895
1367
2933
3259
3719
3727
3782
3955
4208
4582
4844
5076
5114
5135
5173
5278
5461
5996
6031
6089
6162
6239
6331
6364
6444
6630
6790
6791
6920
6939
7025
7114
7369
7622
7831
8038
8143
8149
9034
9483
10247
10335
10541
10737
11079
11143
11248
11600
11808
11993
12224
12298
12337
12392
12404
12437
12757
13032
13102
13373
13768
13875
14031
14144
14443
14604
14732
14777
14921
15073
15107
15157
15184
15341
15465
15606
15772
15862
15987
16052
16138
16475
16487
16608
17423
17685
17748
18030
18114
18164
18354
18647
18748
18963
19308
19338
19498
19932
19937
