291
306
560
561
902
922
1414
1444
1742
1829
1899
2157
2239
2361
2995
3017
3103
3193
3262
3826
3858
3935
4024
4036
4251
4405
4425
4516
4521
4925
5232
5478
5906
5977
6459
6475
6889
7196
7198
7379
7637
7907
8316
8383
8773
8819
8924
8966
9542
9586
9587
9927
9964
10869
11312
11389
12205
12208
12363
12364
12459
12694
12916
13009
13494
13672
13811
13867
13928
13952
14009
14045
14961
14964
15209
15779
16087
16184
16287
16360
16375
16775
16790
17637
17733
17767
17825
17947
18576
18640
18658
18710
18825
18842
19046
19078
19150
19492
19740
19801
