134
325
330
585
747
756
1015
1126
1164
1743
1882
1951
2001
2142
2551
2578
2591
2620
3474
3567
3756
3811
4013
4245
4515
4872
5067
5499
5936
6108
6367
6370
6464
6749
7117
7282
7374
7426
7449
7467
7633
7698
7745
7921
8746
8789
8961
9249
9456
9740
9839
10056
10382
10412
10750
10763
10815
10820
10869
10871
10969
10985
11220
11644
11779
11954
12130
12403
12516
12603
12859
13237
13239
13485
13919
14131
14200
14288
14880
15146
15153
15162
15303
15373
15646
15671
16362
16487
16492
16803
16932
17041
17152
17315
17423
18030
18161
18376
18582
19025
