201
209
615
926
1446
1795
2032
2042
2431
2726
2896
2985
2991
3048
3543
3697
3838
3903
4125
4409
4453
5391
5572
5791
5972
6408
6450
6867
7403
7685
7795
7838
8405
8436
8449
8628
8958
9225
9413
9546
9751
9782
10014
10050
10303
10385
10555
10720
11117
11189
11428
11674
12246
12276
12447
12476
12614
12619
12738
12766
12831
13164
13217
13442
13979
14490
14742
14808
14952
15329
16155
16186
16356
16373
16399
16497
16659
16921
16970
17353
17437
17628
18005
18063
18170
18198
18530
18867
18890
18927
19012
19136
19333
19348
19361
19513
19710
19797
19915
19960
