638
880
1048
1054
1202
1400
1850
2063
2233
2271
2354
2498
2527
2579
2763
2844
2903
3135
3396
3403
3879
4142
4301
4336
4962
4989
5006
5039
5138
5177
5237
5403
5789
5999
6058
6492
6553
6591
6605
7025
7168
7332
7417
7813
8111
8487
8494
8513
9034
9211
9270
9394
9621
9764
9802
9981
10011
10134
10523
10708
11384
11394
11432
12058
12370
12872
13126
13214
13227
13277
13453
13566
13585
13607
13940
14316
14441
14524
14694
14778
14801
14814
14922
15221
15314
15453
15606
15641
16229
16753
16762
17964
18001
18014
18079
18140
18446
18526
19421
19639
