58
382
797
856
909
976
984
1033
1102
1276
1547
1620
1868
1935
1940
2062
2322
2402
2419
2463
2610
2710
2822
2875
2918
3306
3585
3656
3846
3894
3939
4024
4059
4159
4946
5301
5727
5969
6005
6019
6218
6273
6404
6526
6805
6813
6846
7174
7373
7386
7580
7786
7826
7862
7982
8311
8333
8832
8892
9077
9638
10127
10302
10392
10444
10788
10799
10921
10933
11269
11585
12111
12309
12722
13131
14187
14331
14466
14837
14968
15011
15157
15188
15707
15814
15931
16390
16406
16750
17016
17170
17291
17492
18603
18768
19010
19045
19204
19580
19776
