350
495
505
992
1082
1118
1231
1541
1779
1907
2048
2064
2426
2487
2796
3390
3597
3867
3952
4804
5454
5558
5710
5912
5954
5969
6380
6890
7081
7223
7224
7250
7476
7503
7856
8020
8058
8589
8890
9363
9583
9863
9867
10191
10286
10637
10815
10906
10974
11079
11431
11498
11505
11889
11897
12273
12291
12363
12385
12657
12932
13308
13571
13664
13875
14007
14319
14477
15234
15324
15482
15520
15667
15984
16012
16256
16625
16653
16761
16892
17195
17368
17407
17589
17626
17836
17892
18255
18355
18462
18735
18760
18807
18836
18852
19156
19443
19653
19740
19744
