483
516
562
1354
1502
1511
1796
2481
2550
3014
3326
3377
3493
3818
3863
4037
4114
4693
4971
5188
5522
5875
5886
5922
6036
6131
6159
6299
6394
6728
7034
7087
7981
8079
8345
8636
8646
8672
8995
9130
9161
9173
9240
9307
9661
9926
9997
10088
10463
10584
11211
11343
11430
11452
11477
11682
12044
12142
12498
12714
12799
13094
13188
13231
13438
13584
13828
14183
14350
14457
14465
14643
14743
15107
15158
15173
15708
15910
15964
16632
16682
16801
17114
17135
17440
17567
17658
17675
17848
18051
18361
18380
18886
19310
19431
19478
19500
19512
19767
19984
