13
31
52
62
266
283
504
686
1192
1632
2111
2140
2665
2700
2775
3054
3463
3490
3563
3952
4153
5301
5447
5499
6251
6676
6776
6796
6968
6993
7153
7228
7369
7418
7750
7971
8077
8439
8470
8513
8717
8737
8796
8833
9696
9789
9850
9964
10196
10309
10410
10478
10681
11043
11152
11367
11624
11709
12014
12402
12556
12653
12753
12757
12760
13058
13188
13557
13698
13751
13934
14141
14192
14203
14220
14270
14534
14676
14691
15193
15283
15489
15533
15625
15815
16187
16321
16486
16639
16815
17185
17500
17705
18054
18285
18397
18579
18582
18807
19199
