483
1502
1797
1985
2005
2193
2382
2712
2764
2854
3249
3272
3674
3842
4114
4394
4569
4647
4879
4893
5076
5126
5536
5544
5592
5652
5906
6232
6299
6413
6450
6675
6934
7275
7572
7575
7649
8294
8325
8513
8545
8558
8581
8630
9010
9343
9710
9790
10235
10350
10465
10643
10788
10798
10904
10936
11560
11711
11739
11749
11787
12094
12283
12357
12496
12602
13382
13619
14267
14422
14841
15015
15195
15472
15690
15693
15877
15894
16333
16559
16710
16860
17046
17264
17493
17499
17663
17871
17954
18053
18279
18382
18461
18481
18521
18670
18794
19274
19539
19873
