257
301
481
603
669
891
1155
1242
1686
1885
2158
2639
2676
2960
3198
3205
3457
3554
3753
3975
4174
4343
5357
5763
6820
6834
6884
6943
7042
7238
7381
7568
7572
7574
7652
7747
8035
8139
8272
8286
8534
8604
8607
8754
9396
9397
9613
9790
10144
10300
10502
10518
10732
10933
11078
11568
11600
11673
11965
12455
12485
12728
12950
12999
13097
13203
13461
13469
13541
13687
14380
14843
15080
15084
15103
15233
15251
15464
15905
16126
16141
16486
16558
17098
17474
17549
17664
17749
17886
18159
18171
18330
18478
18779
18841
18872
19184
19491
19570
19598
