A	T	C	G
1.12E-01	3.01E-01	3.61E-01	2.27E-01
1.47E-01	1.43E-01	3.40E-01	3.70E-01
1.43E-01	1.59E-01	3.54E-01	3.44E-01
1.95E-01	1.55E-01	2.86E-01	3.63E-01
1.83E-01	2.03E-01	3.03E-01	3.11E-01
2.14E-01	1.89E-01	2.93E-01	3.04E-01
1.83E-01	1.98E-01	3.40E-01	2.80E-01
1.88E-01	1.40E-01	3.20E-01	3.52E-01
1.51E-01	1.42E-01	3.50E-01	3.56E-01
1.42E-01	1.39E-01	3.54E-01	3.65E-01
1.39E-01	1.46E-01	3.57E-01	3.58E-01
1.33E-01	1.55E-01	3.66E-01	3.47E-01
1.28E-01	1.60E-01	3.66E-01	3.46E-01
1.37E-01	1.71E-01	3.40E-01	3.52E-01
1.42E-01	2.09E-01	3.33E-01	3.16E-01
2.37E-01	1.67E-01	2.48E-01	3.49E-01
2.36E-01	1.90E-01	2.64E-01	3.11E-01
2.02E-01	2.09E-01	3.27E-01	2.62E-01
1.93E-01	1.52E-01	3.41E-01	3.14E-01
1.68E-01	1.23E-01	3.57E-01	3.52E-01
1.46E-01	1.19E-01	3.61E-01	3.74E-01
1.35E-01	1.26E-01	3.62E-01	3.77E-01
1.27E-01	1.38E-01	3.75E-01	3.60E-01
1.16E-01	1.49E-01	3.90E-01	3.46E-01
9.31E-02	1.78E-01	3.90E-01	3.38E-01
1.45E-01	1.52E-01	2.89E-01	4.13E-01
1.55E-01	2.05E-01	2.79E-01	3.61E-01
2.21E-01	2.06E-01	2.67E-01	3.06E-01
2.53E-01	1.65E-01	3.09E-01	2.72E-01
1.56E-01	1.59E-01	4.44E-01	2.42E-01
1.59E-01	9.40E-02	3.81E-01	3.66E-01
1.29E-01	1.23E-01	3.68E-01	3.80E-01
1.22E-01	1.34E-01	3.70E-01	3.74E-01
1.08E-01	1.51E-01	3.73E-01	3.68E-01
1.13E-01	1.52E-01	3.11E-01	4.24E-01
1.68E-01	2.01E-01	2.41E-01	3.89E-01
1.38E-01	3.10E-01	3.26E-01	2.26E-01
1.49E-01	2.30E-01	3.64E-01	2.57E-01
1.67E-01	1.83E-01	3.68E-01	2.82E-01
2.21E-01	1.13E-01	3.15E-01	3.51E-01
1.62E-01	1.28E-01	3.56E-01	3.53E-01
1.52E-01	1.25E-01	3.46E-01	3.77E-01
1.46E-01	1.34E-01	3.57E-01	3.63E-01
1.35E-01	1.37E-01	3.75E-01	3.53E-01
1.33E-01	1.43E-01	3.70E-01	3.55E-01
1.26E-01	1.93E-01	3.58E-01	3.23E-01
2.08E-01	1.94E-01	2.49E-01	3.49E-01
2.32E-01	2.27E-01	2.61E-01	2.80E-01
2.59E-01	1.80E-01	2.83E-01	2.78E-01
1.88E-01	1.71E-01	3.72E-01	2.70E-01
1.94E-01	1.00E-01	3.15E-01	3.91E-01
1.43E-01	1.28E-01	3.41E-01	3.89E-01
1.36E-01	1.34E-01	3.57E-01	3.73E-01
1.27E-01	1.44E-01	3.77E-01	3.51E-01
1.20E-01	1.54E-01	3.89E-01	3.37E-01
8.41E-02	2.10E-01	3.98E-01	3.08E-01
1.69E-01	1.77E-01	2.62E-01	3.93E-01
1.83E-01	2.78E-01	2.50E-01	2.88E-01
2.83E-01	2.60E-01	2.21E-01	2.36E-01
2.25E-01	2.42E-01	3.40E-01	1.94E-01
1.96E-01	1.25E-01	3.49E-01	3.30E-01
1.44E-01	1.25E-01	3.76E-01	3.55E-01
1.37E-01	1.27E-01	3.67E-01	3.69E-01
1.31E-01	1.38E-01	3.69E-01	3.62E-01
1.21E-01	1.46E-01	3.73E-01	3.60E-01
1.08E-01	1.58E-01	3.61E-01	3.73E-01
1.94E-01	1.53E-01	2.39E-01	4.14E-01
1.77E-01	2.51E-01	2.82E-01	2.90E-01
2.29E-01	2.04E-01	2.90E-01	2.76E-01
1.58E-01	2.17E-01	3.93E-01	2.32E-01
2.00E-01	1.01E-01	3.40E-01	3.58E-01
1.52E-01	1.22E-01	3.69E-01	3.57E-01
1.43E-01	1.24E-01	3.63E-01	3.71E-01
1.33E-01	1.34E-01	3.67E-01	3.66E-01
1.24E-01	1.43E-01	3.70E-01	3.62E-01
1.20E-01	1.54E-01	3.58E-01	3.68E-01
1.13E-01	1.90E-01	3.44E-01	3.53E-01
1.99E-01	1.75E-01	2.44E-01	3.82E-01
2.06E-01	2.29E-01	2.74E-01	2.91E-01
2.50E-01	1.79E-01	2.93E-01	2.78E-01
1.76E-01	1.71E-01	3.99E-01	2.55E-01
1.45E-01	1.26E-01	3.90E-01	3.39E-01
1.46E-01	1.19E-01	3.59E-01	3.76E-01
1.39E-01	1.30E-01	3.63E-01	3.69E-01
1.27E-01	1.36E-01	3.70E-01	3.68E-01
1.24E-01	1.42E-01	3.57E-01	3.77E-01
1.30E-01	1.90E-01	3.26E-01	3.55E-01
2.35E-01	2.33E-01	1.96E-01	3.36E-01
2.60E-01	2.84E-01	2.35E-01	2.20E-01
2.77E-01	1.84E-01	2.90E-01	2.49E-01
1.95E-01	1.51E-01	3.80E-01	2.74E-01
1.95E-01	9.74E-02	3.24E-01	3.84E-01
1.53E-01	1.17E-01	3.40E-01	3.90E-01
1.41E-01	1.26E-01	3.55E-01	3.78E-01
1.31E-01	1.35E-01	3.75E-01	3.59E-01
1.23E-01	1.45E-01	3.90E-01	3.43E-01
1.16E-01	1.71E-01	3.82E-01	3.31E-01
1.39E-01	2.09E-01	3.02E-01	3.50E-01
1.82E-01	2.54E-01	2.72E-01	2.91E-01
2.24E-01	2.33E-01	2.87E-01	2.57E-01
2.19E-01	1.72E-01	3.32E-01	2.77E-01
1.71E-01	1.44E-01	3.44E-01	3.40E-01
1.42E-01	1.29E-01	3.55E-01	3.73E-01
1.36E-01	1.33E-01	3.54E-01	3.77E-01
1.33E-01	1.44E-01	3.64E-01	3.59E-01
1.24E-01	1.50E-01	3.78E-01	3.48E-01
1.26E-01	1.59E-01	3.59E-01	3.56E-01
1.25E-01	2.05E-01	3.40E-01	3.29E-01
1.66E-01	1.83E-01	2.96E-01	3.55E-01
2.37E-01	1.49E-01	2.55E-01	3.60E-01
3.10E-01	1.41E-01	2.35E-01	3.15E-01
2.20E-01	1.43E-01	3.73E-01	2.63E-01
1.37E-01	1.27E-01	4.33E-01	3.04E-01
1.53E-01	1.05E-01	3.70E-01	3.72E-01
1.34E-01	1.20E-01	3.76E-01	3.70E-01
1.21E-01	1.27E-01	3.83E-01	3.69E-01
9.75E-02	1.53E-01	3.62E-01	3.87E-01
1.56E-01	1.58E-01	2.43E-01	4.43E-01
1.66E-01	2.54E-01	2.72E-01	3.09E-01
2.07E-01	2.21E-01	3.06E-01	2.67E-01
2.04E-01	1.55E-01	3.62E-01	2.79E-01
1.58E-01	1.40E-01	4.08E-01	2.94E-01
1.71E-01	1.00E-01	3.46E-01	3.84E-01
1.47E-01	1.14E-01	3.47E-01	3.92E-01
1.36E-01	1.25E-01	3.63E-01	3.76E-01
1.24E-01	1.34E-01	3.79E-01	3.63E-01
1.17E-01	1.46E-01	3.75E-01	3.62E-01
1.20E-01	1.69E-01	3.52E-01	3.58E-01
1.54E-01	1.65E-01	3.21E-01	3.60E-01
1.75E-01	2.05E-01	2.88E-01	3.31E-01
1.91E-01	2.32E-01	3.05E-01	2.72E-01
1.83E-01	2.19E-01	3.39E-01	2.58E-01
2.06E-01	1.47E-01	3.20E-01	3.28E-01
1.70E-01	1.36E-01	3.52E-01	3.42E-01
1.59E-01	1.28E-01	3.47E-01	3.66E-01
1.53E-01	1.33E-01	3.48E-01	3.66E-01
1.45E-01	1.38E-01	3.59E-01	3.58E-01
1.38E-01	1.42E-01	3.65E-01	3.54E-01
1.39E-01	1.52E-01	3.60E-01	3.49E-01
1.51E-01	1.73E-01	3.38E-01	3.38E-01
1.77E-01	1.98E-01	2.88E-01	3.38E-01
1.89E-01	2.13E-01	3.02E-01	2.96E-01
2.02E-01	1.84E-01	3.13E-01	3.01E-01
1.72E-01	1.77E-01	3.53E-01	2.97E-01
1.49E-01	1.55E-01	3.52E-01	3.44E-01
1.42E-01	1.46E-01	3.69E-01	3.42E-01
3.01E-01	1.12E-01	2.27E-01	3.61E-01
