AA,AT,AC,AG,TA,TT,TC,TG,CA,CT,CC,CG,GA,GT,GC,GG
0.01780,0.02501,0.04375,0.02545,0.03918,0.04723,0.09042,0.12374,0.06167,0.03358,0.12105,0.14447,0.02849,0.03672,0.08474,0.07671
0.02262,0.03521,0.05719,0.03211,0.01821,0.02429,0.04304,0.05699,0.05724,0.03443,0.11518,0.13312,0.04536,0.06473,0.13855,0.12173
0.03105,0.03291,0.04825,0.03121,0.02518,0.02806,0.04084,0.06458,0.08392,0.03578,0.08505,0.14921,0.05525,0.05871,0.11193,0.11806
0.04013,0.05394,0.06658,0.03475,0.02388,0.03416,0.04443,0.05299,0.06664,0.03764,0.07085,0.11094,0.05216,0.07765,0.12073,0.11252
0.04340,0.04905,0.05953,0.03083,0.03835,0.04258,0.05257,0.06991,0.07772,0.03212,0.07409,0.11865,0.05450,0.06510,0.10673,0.08487
0.04354,0.05626,0.07781,0.03636,0.03079,0.04315,0.05291,0.06200,0.05889,0.03132,0.09468,0.10803,0.04986,0.06681,0.11413,0.07346
0.04174,0.03557,0.06428,0.04149,0.03233,0.03159,0.05154,0.08208,0.06646,0.02578,0.10253,0.14476,0.04775,0.04658,0.10144,0.08409
0.03194,0.03606,0.07111,0.04916,0.01990,0.02025,0.03993,0.05943,0.05207,0.02871,0.11207,0.12694,0.04743,0.05725,0.12710,0.12064
0.02192,0.03115,0.05775,0.04053,0.01912,0.01924,0.04141,0.06251,0.05520,0.03261,0.12413,0.13827,0.04625,0.05574,0.13079,0.12339
0.01889,0.03284,0.05506,0.03569,0.01853,0.01922,0.04280,0.05818,0.05505,0.03525,0.12551,0.13826,0.04621,0.05847,0.13394,0.12609
0.01758,0.03450,0.05547,0.03113,0.01794,0.02133,0.04858,0.05794,0.05380,0.03881,0.12736,0.13733,0.04357,0.06007,0.13422,0.12036
0.01675,0.03286,0.05460,0.02869,0.01657,0.02417,0.05390,0.06007,0.05551,0.04309,0.12527,0.14177,0.03923,0.05964,0.13209,0.11579
0.01809,0.03197,0.05059,0.02740,0.01658,0.02951,0.05306,0.06062,0.06398,0.04672,0.10860,0.14656,0.03866,0.06275,0.12768,0.11723
0.02115,0.03921,0.05347,0.02347,0.01885,0.04431,0.05367,0.05412,0.06327,0.04863,0.09586,0.13217,0.03872,0.07671,0.13026,0.10613
0.04043,0.03702,0.04168,0.02285,0.04084,0.04496,0.04790,0.07515,0.09780,0.02906,0.05837,0.14804,0.05768,0.05551,0.09969,0.10302
0.06365,0.06848,0.06493,0.03970,0.03962,0.03138,0.03819,0.05737,0.07273,0.02346,0.05170,0.09975,0.05968,0.06632,0.10897,0.11409
0.04967,0.07163,0.07795,0.03642,0.03766,0.04314,0.05088,0.05795,0.06193,0.02644,0.08148,0.09393,0.05271,0.06813,0.11658,0.07349
0.04739,0.04456,0.07344,0.03657,0.03490,0.03708,0.05988,0.07749,0.06363,0.02368,0.10691,0.13267,0.04704,0.04649,0.10115,0.06711
0.03893,0.03208,0.07436,0.04759,0.02139,0.02005,0.04522,0.06516,0.05744,0.02389,0.11591,0.14416,0.05029,0.04659,0.12148,0.09547
0.02477,0.02915,0.06468,0.04945,0.01608,0.01429,0.03652,0.05572,0.05708,0.02676,0.12578,0.14734,0.04848,0.04863,0.13406,0.12121
0.01741,0.03039,0.05669,0.04192,0.01738,0.01390,0.03558,0.05198,0.05578,0.02985,0.13045,0.14496,0.04451,0.05179,0.13968,0.13773
0.01448,0.03402,0.05387,0.03270,0.01972,0.01536,0.03911,0.05174,0.05113,0.03359,0.13745,0.14023,0.04124,0.05520,0.14468,0.13547
0.01331,0.03389,0.05275,0.02663,0.01847,0.01811,0.04661,0.05498,0.04673,0.03992,0.14743,0.14105,0.03773,0.05668,0.14275,0.12299
0.01108,0.03109,0.05012,0.02394,0.01214,0.02555,0.05468,0.05622,0.04113,0.05682,0.14622,0.14537,0.02871,0.06463,0.13943,0.11288
0.01485,0.02184,0.03544,0.02093,0.01834,0.03107,0.05506,0.07361,0.07498,0.04494,0.08190,0.18864,0.03721,0.05429,0.11704,0.12988
0.02768,0.04454,0.04711,0.02604,0.01985,0.03760,0.04608,0.04860,0.05859,0.03955,0.05543,0.13588,0.04851,0.08287,0.13085,0.15082
0.04287,0.04931,0.04303,0.01942,0.04303,0.05461,0.05399,0.05294,0.07079,0.02768,0.05103,0.12998,0.06451,0.07437,0.11855,0.10392
0.07319,0.05311,0.06831,0.02659,0.05075,0.04337,0.05822,0.05362,0.05977,0.01701,0.06731,0.12250,0.06965,0.05183,0.11507,0.06970
0.04975,0.05450,0.11230,0.03681,0.02302,0.03291,0.06365,0.04573,0.03895,0.02163,0.13853,0.10980,0.04395,0.04955,0.12953,0.04938
0.02847,0.02227,0.06319,0.04175,0.02248,0.01636,0.04776,0.07201,0.06839,0.02471,0.16326,0.18765,0.03918,0.03069,0.10724,0.06461
0.01813,0.03089,0.06225,0.04725,0.01421,0.01086,0.02951,0.03945,0.05814,0.03225,0.13918,0.15188,0.03855,0.04891,0.13705,0.14150
0.01326,0.03095,0.05190,0.03292,0.01992,0.01391,0.03745,0.05163,0.05190,0.03415,0.13698,0.14496,0.03670,0.05500,0.14378,0.14460
0.01186,0.03156,0.05019,0.02817,0.01695,0.01700,0.04248,0.05757,0.04380,0.04132,0.13724,0.14774,0.03491,0.06119,0.14303,0.13497
0.01282,0.02459,0.04040,0.02972,0.01482,0.02177,0.04443,0.07005,0.04744,0.04384,0.10486,0.17681,0.03747,0.06172,0.12171,0.14755
0.02127,0.03219,0.03566,0.02343,0.02045,0.03540,0.03883,0.05724,0.06626,0.04231,0.05448,0.14836,0.06049,0.09149,0.11227,0.15988
0.02725,0.06328,0.06432,0.01361,0.02314,0.07461,0.05950,0.04413,0.03499,0.04442,0.07318,0.08866,0.05262,0.12744,0.12932,0.07953
0.02309,0.04894,0.05404,0.01192,0.04925,0.09468,0.08164,0.08418,0.04590,0.03451,0.12170,0.12420,0.03085,0.05184,0.10683,0.03642
0.02720,0.04986,0.05306,0.01898,0.03554,0.05338,0.04963,0.09143,0.06239,0.02897,0.14507,0.12780,0.04167,0.05055,0.12021,0.04429
0.04626,0.03281,0.05440,0.03331,0.02840,0.02240,0.03855,0.09340,0.08723,0.01784,0.10344,0.15945,0.05938,0.03954,0.11895,0.06462
0.04381,0.03806,0.07999,0.05941,0.01286,0.01516,0.03015,0.05443,0.04858,0.02210,0.10630,0.13836,0.05660,0.05303,0.13987,0.10129
0.02523,0.03053,0.05860,0.04749,0.01426,0.01622,0.03727,0.06058,0.05791,0.02743,0.11860,0.15236,0.05449,0.05073,0.13166,0.11662
0.02095,0.03333,0.05757,0.04005,0.01555,0.01622,0.04115,0.05198,0.05595,0.02922,0.12004,0.14092,0.05357,0.05491,0.13853,0.13005
0.01874,0.03321,0.05895,0.03512,0.01660,0.01732,0.04760,0.05216,0.05457,0.03337,0.12939,0.13995,0.04492,0.05309,0.13914,0.12586
0.01756,0.02964,0.05556,0.03207,0.01648,0.01939,0.04844,0.05268,0.05940,0.04038,0.12935,0.14594,0.03976,0.05321,0.13619,0.12393
0.01712,0.03440,0.05478,0.02691,0.01573,0.03146,0.04858,0.04686,0.05761,0.05577,0.12010,0.13606,0.03569,0.07116,0.13414,0.11364
0.03094,0.03512,0.03942,0.02066,0.03212,0.05029,0.04729,0.06309,0.09346,0.04273,0.06229,0.15912,0.05100,0.06619,0.09990,0.10638
0.06157,0.06540,0.05667,0.02389,0.04090,0.05558,0.04824,0.04961,0.06762,0.02676,0.04473,0.10979,0.06167,0.07931,0.11172,0.09655
0.07700,0.05863,0.06680,0.02933,0.05513,0.05039,0.05353,0.06800,0.06402,0.01864,0.05962,0.11908,0.06296,0.05239,0.10335,0.06114
0.05942,0.05852,0.09713,0.04405,0.02806,0.03737,0.05344,0.06117,0.04730,0.02132,0.10361,0.11107,0.05283,0.05343,0.11777,0.05351
0.04196,0.02653,0.06373,0.05540,0.02664,0.01844,0.04260,0.08298,0.07459,0.02022,0.10898,0.16816,0.05111,0.03528,0.09926,0.08415
0.02503,0.03568,0.07158,0.06201,0.01635,0.01145,0.02834,0.04432,0.05736,0.02597,0.10873,0.12250,0.04416,0.05447,0.13238,0.15967
0.01508,0.03240,0.05588,0.03954,0.02252,0.01374,0.03488,0.05642,0.05983,0.03093,0.12627,0.12400,0.03906,0.05665,0.13982,0.15298
0.01341,0.03473,0.05609,0.03227,0.02296,0.01479,0.03732,0.05866,0.05563,0.03658,0.14092,0.12372,0.03531,0.05790,0.14305,0.13668
0.01291,0.03362,0.05449,0.02629,0.02179,0.01775,0.04343,0.06101,0.05112,0.04376,0.15233,0.13017,0.03469,0.05861,0.13846,0.11958
0.00965,0.03608,0.05311,0.02166,0.01284,0.03010,0.05275,0.05803,0.03638,0.06725,0.15685,0.12823,0.02521,0.07610,0.13575,0.10001
0.01599,0.02185,0.03004,0.01621,0.02233,0.04473,0.05931,0.08315,0.09053,0.05336,0.07036,0.18422,0.03967,0.05729,0.10205,0.10892
0.03991,0.06735,0.04388,0.01738,0.02535,0.06436,0.04714,0.04037,0.06646,0.04453,0.03844,0.11232,0.05178,0.10220,0.12050,0.11802
0.06622,0.07084,0.03467,0.01177,0.07891,0.09883,0.05268,0.04802,0.07647,0.02243,0.03603,0.11503,0.06165,0.06761,0.09728,0.06156
0.08435,0.09425,0.08534,0.01933,0.05481,0.08310,0.06910,0.05270,0.03845,0.01423,0.07709,0.09088,0.04726,0.05034,0.10812,0.03066
0.06425,0.04171,0.08029,0.03862,0.03803,0.03749,0.06613,0.10026,0.05323,0.01620,0.11395,0.15627,0.04002,0.02976,0.08851,0.03528
0.03208,0.03368,0.07689,0.05286,0.01491,0.01580,0.03808,0.05636,0.04894,0.02642,0.12602,0.14751,0.04763,0.04919,0.13496,0.09866
0.01878,0.02829,0.05574,0.04075,0.01490,0.01521,0.03900,0.05598,0.05537,0.03201,0.13412,0.15446,0.04781,0.05185,0.13800,0.11773
0.01629,0.03157,0.05400,0.03501,0.01558,0.01634,0.04232,0.05313,0.05301,0.03469,0.13230,0.14685,0.04605,0.05569,0.13995,0.12723
0.01479,0.03146,0.05380,0.03089,0.01469,0.01865,0.04891,0.05604,0.05058,0.03929,0.13094,0.14775,0.04102,0.05664,0.13903,0.12552
0.01337,0.02803,0.05071,0.02897,0.01208,0.02370,0.05257,0.05770,0.04917,0.04675,0.11894,0.15782,0.03320,0.05989,0.13865,0.12846
0.02423,0.02550,0.03467,0.02342,0.02352,0.03111,0.04171,0.06203,0.08985,0.03621,0.05335,0.18146,0.05598,0.06019,0.10939,0.14738
0.04150,0.06754,0.05904,0.02550,0.02443,0.04528,0.04236,0.04094,0.04938,0.03546,0.05200,0.10228,0.06124,0.10296,0.12905,0.12104
0.04828,0.05542,0.05169,0.02115,0.05719,0.06271,0.06322,0.06812,0.06624,0.02685,0.06859,0.12079,0.05750,0.05917,0.10683,0.06627
0.04234,0.07241,0.08698,0.02746,0.03026,0.05463,0.06419,0.05507,0.04337,0.02792,0.11688,0.10216,0.04165,0.06205,0.12522,0.04741
0.04251,0.02568,0.05745,0.03198,0.03365,0.02631,0.05831,0.09874,0.07484,0.01852,0.12226,0.17764,0.04934,0.03097,0.10225,0.04953
0.03318,0.03366,0.07833,0.05518,0.01275,0.01245,0.03104,0.04525,0.05438,0.02542,0.11986,0.14061,0.05208,0.05065,0.13928,0.11589
0.02051,0.02942,0.05957,0.04288,0.01623,0.01456,0.03832,0.05306,0.05883,0.02991,0.13007,0.14970,0.04701,0.05009,0.13459,0.12524
0.01710,0.03158,0.05676,0.03715,0.01756,0.01511,0.03975,0.05156,0.05478,0.03276,0.13135,0.14366,0.04373,0.05445,0.13916,0.13355
0.01510,0.03155,0.05416,0.03236,0.01758,0.01732,0.04393,0.05507,0.05163,0.03759,0.13364,0.14415,0.03954,0.05685,0.13872,0.13082
0.01426,0.02946,0.05055,0.02957,0.01583,0.02093,0.04758,0.05897,0.05238,0.04339,0.12503,0.14964,0.03777,0.05999,0.13522,0.12942
0.01388,0.03176,0.04861,0.02601,0.01403,0.03193,0.05103,0.05678,0.05026,0.05204,0.10975,0.14634,0.03436,0.07448,0.13469,0.12407
0.02616,0.03074,0.03512,0.02051,0.03013,0.04306,0.04793,0.06909,0.08744,0.03569,0.05448,0.16647,0.05496,0.06530,0.10655,0.12638
0.05079,0.06638,0.05664,0.02488,0.03360,0.04786,0.04632,0.04701,0.05841,0.02862,0.04796,0.10909,0.06355,0.08570,0.12275,0.11044
0.06374,0.05615,0.06048,0.02598,0.05624,0.04921,0.05817,0.06494,0.06681,0.02062,0.06502,0.12121,0.06367,0.05264,0.10903,0.06608
0.05341,0.05950,0.10029,0.03726,0.02801,0.03721,0.05995,0.05345,0.04564,0.02208,0.11406,0.11093,0.04858,0.05175,0.12471,0.05317
0.03059,0.03340,0.07101,0.04063,0.01994,0.02427,0.05158,0.07474,0.05606,0.02733,0.15202,0.16361,0.03878,0.04131,0.11508,0.05965
0.02178,0.02568,0.05491,0.04302,0.01392,0.01556,0.03873,0.05809,0.06013,0.02996,0.13428,0.16532,0.04995,0.04745,0.13128,0.10994
0.01870,0.03122,0.05647,0.03938,0.01416,0.01439,0.04024,0.04986,0.05608,0.03045,0.12523,0.14744,0.04960,0.05403,0.14065,0.13210
0.01629,0.03134,0.05596,0.03494,0.01529,0.01609,0.04585,0.05285,0.05303,0.03462,0.12781,0.14714,0.04206,0.05352,0.14049,0.13270
0.01498,0.02792,0.05184,0.03194,0.01461,0.01847,0.04760,0.05489,0.05575,0.04048,0.11888,0.15501,0.03862,0.05515,0.13909,0.13477
0.01626,0.03261,0.04835,0.02674,0.01532,0.03086,0.04668,0.04915,0.05851,0.05168,0.09692,0.15030,0.03942,0.07480,0.13387,0.12852
0.03729,0.04427,0.03102,0.01693,0.03605,0.06377,0.03904,0.05110,0.09662,0.04027,0.03628,0.15264,0.06543,0.08424,0.08937,0.11567
0.08181,0.09136,0.04879,0.01343,0.05633,0.08859,0.04882,0.03882,0.05314,0.01919,0.03042,0.09298,0.06914,0.08513,0.10740,0.07466
0.09937,0.07080,0.06827,0.02198,0.07833,0.06705,0.06259,0.07631,0.04720,0.01156,0.06102,0.11564,0.05251,0.03484,0.09772,0.03481
0.07182,0.06010,0.09927,0.04623,0.02759,0.03599,0.05030,0.07036,0.04357,0.01549,0.11257,0.11797,0.05190,0.03967,0.11763,0.03953
0.04331,0.02774,0.06612,0.05771,0.01964,0.01612,0.03773,0.07775,0.07652,0.01841,0.11260,0.17225,0.05545,0.03517,0.10710,0.07638
0.02793,0.03300,0.07136,0.06263,0.01466,0.01104,0.02954,0.04221,0.05966,0.02271,0.10612,0.13507,0.05090,0.05048,0.13261,0.15010
0.01745,0.03302,0.05874,0.04393,0.02092,0.01241,0.03414,0.04975,0.05991,0.02650,0.12170,0.13153,0.04313,0.05375,0.14005,0.15308
0.01444,0.03364,0.05697,0.03636,0.02273,0.01308,0.03515,0.05471,0.05732,0.03271,0.13876,0.12583,0.03690,0.05532,0.14395,0.14213
0.01316,0.03198,0.05579,0.03047,0.02152,0.01538,0.03928,0.05857,0.05419,0.04076,0.15356,0.12630,0.03410,0.05656,0.14108,0.12729
0.01313,0.03074,0.05246,0.02664,0.01860,0.02210,0.04459,0.05940,0.05096,0.05501,0.15319,0.13055,0.03292,0.06361,0.13159,0.11451
0.01663,0.03540,0.04154,0.02203,0.02095,0.03929,0.04558,0.06565,0.06546,0.06056,0.11239,0.14343,0.03587,0.07383,0.10293,0.11847
0.03085,0.04723,0.04371,0.01712,0.03090,0.06828,0.05917,0.05072,0.07046,0.04764,0.05530,0.12903,0.05014,0.09092,0.11395,0.09457
0.05102,0.05847,0.05513,0.01773,0.05188,0.07705,0.06377,0.06138,0.06610,0.02748,0.05803,0.12053,0.05452,0.06963,0.10995,0.05734
0.06488,0.05405,0.07614,0.02846,0.04586,0.05179,0.05896,0.07602,0.05421,0.01897,0.08692,0.12677,0.05430,0.04711,0.10986,0.04571
0.04678,0.04643,0.07807,0.04797,0.02508,0.02795,0.04374,0.07516,0.05699,0.02372,0.11904,0.13213,0.04243,0.04609,0.10330,0.08513
0.02816,0.03020,0.06327,0.04965,0.01769,0.01941,0.04089,0.06620,0.04947,0.02801,0.12065,0.14602,0.04696,0.05169,0.13015,0.11158
0.01940,0.02904,0.05292,0.04092,0.01556,0.01671,0.03846,0.05858,0.05238,0.03155,0.12415,0.14689,0.04879,0.05549,0.13861,0.13057
0.01701,0.03269,0.05272,0.03370,0.01619,0.01814,0.04431,0.05415,0.05184,0.03483,0.12692,0.14055,0.04758,0.05805,0.14044,0.13088
0.01592,0.03269,0.05459,0.02941,0.01506,0.02038,0.05277,0.05551,0.05197,0.03981,0.13100,0.14161,0.04102,0.05676,0.13989,0.12160
0.01570,0.02985,0.05109,0.02732,0.01362,0.02448,0.05463,0.05691,0.05999,0.04700,0.11860,0.15266,0.03654,0.05761,0.13454,0.11946
0.01675,0.03520,0.05121,0.02270,0.01395,0.04029,0.05464,0.05005,0.06113,0.05532,0.09698,0.14543,0.03363,0.07456,0.13703,0.11111
0.02193,0.03899,0.04467,0.01987,0.02492,0.04565,0.05666,0.07815,0.08303,0.03690,0.07078,0.14916,0.03636,0.06129,0.12401,0.10764
0.04960,0.04554,0.04620,0.02489,0.03919,0.03121,0.04598,0.06646,0.09850,0.01974,0.04389,0.13399,0.04945,0.05235,0.11879,0.13422
0.09786,0.05023,0.05591,0.03273,0.04817,0.02411,0.03236,0.04420,0.08255,0.01176,0.03637,0.12419,0.08140,0.05465,0.11010,0.11341
0.08362,0.05389,0.12434,0.04813,0.02541,0.02411,0.05158,0.03965,0.04647,0.01154,0.07487,0.10187,0.06466,0.05387,0.12231,0.07368
0.03234,0.04068,0.10120,0.04594,0.01669,0.01980,0.05209,0.05482,0.05382,0.02581,0.16592,0.12755,0.03377,0.04036,0.11330,0.07590
0.01971,0.02189,0.05592,0.03912,0.01641,0.01445,0.04218,0.05360,0.07127,0.02966,0.15036,0.18123,0.04535,0.03908,0.12189,0.09789
0.01724,0.03138,0.06192,0.04218,0.01621,0.01145,0.03448,0.04294,0.05750,0.02804,0.13597,0.14883,0.04307,0.04958,0.14348,0.13572
0.01373,0.03062,0.05521,0.03447,0.01948,0.01297,0.03686,0.05113,0.05117,0.03284,0.14602,0.14583,0.03701,0.05106,0.14452,0.13707
0.01112,0.02964,0.04808,0.03254,0.01465,0.01727,0.03774,0.05782,0.04105,0.04617,0.14050,0.15488,0.03063,0.06017,0.13615,0.14156
0.01645,0.02343,0.03184,0.02574,0.02158,0.02749,0.03766,0.06652,0.07038,0.04206,0.06501,0.18503,0.04764,0.06499,0.10837,0.16581
0.03250,0.05371,0.04866,0.02118,0.02340,0.05073,0.04463,0.03920,0.04605,0.03701,0.04930,0.11052,0.06370,0.11232,0.12944,0.13763
0.04358,0.05324,0.05185,0.01699,0.05090,0.07350,0.06964,0.05973,0.05368,0.02635,0.06909,0.12293,0.05834,0.06825,0.11495,0.06700
0.05473,0.04944,0.07479,0.02755,0.04272,0.04315,0.06475,0.07071,0.05260,0.01929,0.10344,0.13019,0.05395,0.04320,0.11888,0.05061
0.03901,0.04298,0.08196,0.04004,0.02064,0.02677,0.04801,0.05966,0.05016,0.02507,0.14862,0.13801,0.04797,0.04568,0.12955,0.05587
0.03022,0.02424,0.05740,0.04592,0.01721,0.01525,0.03685,0.07119,0.07048,0.02255,0.13197,0.18314,0.05261,0.03812,0.11941,0.08345
0.02417,0.02948,0.06191,0.05496,0.01288,0.01179,0.03095,0.04454,0.05665,0.02417,0.11629,0.14852,0.05332,0.04873,0.13768,0.14397
0.01763,0.03316,0.05619,0.04003,0.01795,0.01293,0.03726,0.04603,0.05418,0.02666,0.12492,0.14107,0.04617,0.05230,0.14455,0.14896
0.01490,0.03306,0.05467,0.03330,0.01916,0.01425,0.04111,0.05053,0.05124,0.03314,0.13774,0.14080,0.03865,0.05324,0.14564,0.13856
0.01349,0.02988,0.05128,0.02931,0.01676,0.01742,0.04458,0.05495,0.05183,0.04261,0.13834,0.14636,0.03510,0.05654,0.14061,0.13094
0.01371,0.02884,0.04845,0.02618,0.01529,0.02513,0.04923,0.05679,0.05551,0.05012,0.11940,0.14979,0.03571,0.06483,0.13532,0.12570
0.02031,0.02743,0.04801,0.02447,0.02142,0.03382,0.05284,0.06084,0.06622,0.04008,0.09179,0.15431,0.04578,0.06386,0.12797,0.12083
0.03167,0.05051,0.04751,0.02404,0.02729,0.04106,0.03942,0.05743,0.06677,0.03820,0.10647,0.10918,0.04947,0.07536,0.09480,0.14083
0.03670,0.06028,0.05665,0.02158,0.03788,0.05261,0.05364,0.06100,0.06494,0.03773,0.07317,0.11234,0.05125,0.08125,0.12204,0.07695
0.03709,0.06359,0.06645,0.02363,0.04091,0.05851,0.05746,0.07497,0.06162,0.03428,0.10207,0.10752,0.04377,0.06298,0.11335,0.05178
0.04835,0.04161,0.06112,0.03233,0.03698,0.03754,0.05318,0.09166,0.07200,0.02320,0.10221,0.14193,0.04828,0.04436,0.10338,0.06188
0.04346,0.03849,0.07576,0.04789,0.01935,0.02175,0.04004,0.06556,0.05451,0.02371,0.10732,0.13435,0.05295,0.05246,0.12860,0.09379
0.02924,0.03179,0.06257,0.04667,0.01629,0.01787,0.03855,0.06370,0.06016,0.02721,0.11746,0.14690,0.05314,0.05077,0.12876,0.10892
0.02374,0.03261,0.05936,0.04312,0.01628,0.01674,0.03922,0.05541,0.05983,0.02884,0.11660,0.14207,0.05353,0.05441,0.13279,0.12546
0.02101,0.03405,0.05970,0.03861,0.01778,0.01737,0.04372,0.05373,0.05763,0.03138,0.12113,0.13783,0.04837,0.05526,0.13483,0.12759
0.01903,0.03258,0.05811,0.03508,0.01828,0.01882,0.04619,0.05478,0.05790,0.03596,0.12664,0.13888,0.04261,0.05500,0.13442,0.12573
0.01867,0.03099,0.05592,0.03223,0.01864,0.02207,0.04675,0.05490,0.06136,0.04094,0.12457,0.13848,0.04064,0.05780,0.13258,0.12345
0.02183,0.03282,0.05457,0.03009,0.02141,0.02956,0.04582,0.05501,0.06418,0.04516,0.11504,0.13544,0.04312,0.06524,0.12289,0.11780
0.02946,0.04241,0.05099,0.02769,0.02799,0.03947,0.04422,0.06111,0.07235,0.04486,0.09073,0.13039,0.04698,0.07078,0.10222,0.11836
0.03911,0.05032,0.05956,0.02779,0.03305,0.04789,0.05384,0.06274,0.06406,0.03713,0.07382,0.11315,0.05281,0.07793,0.11449,0.09232
0.04285,0.04895,0.06566,0.03158,0.03726,0.04393,0.05493,0.07714,0.06864,0.03036,0.08331,0.11939,0.05290,0.06077,0.10946,0.07288
0.03852,0.04869,0.07566,0.03877,0.02625,0.03676,0.05112,0.06988,0.05815,0.03115,0.10729,0.11677,0.04948,0.06058,0.11896,0.07196
0.02787,0.03953,0.06565,0.03935,0.02223,0.02948,0.05084,0.07463,0.05978,0.03322,0.12078,0.13924,0.03884,0.05318,0.11468,0.09068
0.02277,0.03293,0.06076,0.03227,0.01974,0.02457,0.04931,0.06179,0.05817,0.03293,0.12460,0.13625,0.04178,0.05552,0.13476,0.11184
0.04731,0.02500,0.03662,0.03353,0.03893,0.01769,0.02825,0.06109,0.12358,0.02519,0.07648,0.14418,0.09099,0.04407,0.08528,0.12181
