  1.5088272e+002 -1.9270642e-012 -1.0351657e-011 -5.4774039e+001  1.2763965e-011  2.8014050e-011
 -1.9270642e-012  8.3019248e+001  1.9526889e+001  1.0431887e-012 -2.8643022e+001 -2.3951620e+001
 -1.0351657e-011  1.9526889e+001  1.2559764e+002  2.7260922e-012 -8.4294656e+001 -1.1949077e+002
 -5.4774039e+001  1.0431887e-012  2.7260922e-012  2.2592592e+002 -6.9171382e-012 -2.0733054e-011
  1.2763965e-011 -2.8643022e+001 -8.4294656e+001 -6.9171382e-012  3.4504663e+002  2.4911046e+002
  2.8014050e-011 -2.3951620e+001 -1.1949077e+002 -2.0733054e-011  2.4911046e+002  7.3286701e+002
