  2.1062471e+002 -1.4399108e+000  2.6223976e+000 -3.0958910e+001 -2.3821542e+000 -8.1280220e+001
 -1.4399108e+000  1.1306128e+002  5.2373042e+001  1.0507625e+001 -1.2346737e+001 -1.5945271e+001
  2.6223976e+000  5.2373042e+001  2.3288447e+002 -5.9839762e-001 -1.9857984e+002 -1.2234645e+002
 -3.0958910e+001  1.0507625e+001 -5.9839762e-001  2.3997510e+002  3.9467418e+000  1.7644319e+000
 -2.3821542e+000 -1.2346737e+001 -1.9857984e+002  3.9467418e+000  4.2353512e+002  1.9602855e+002
 -8.1280220e+001 -1.5945271e+001 -1.2234645e+002  1.7644319e+000  1.9602855e+002  1.3966711e+003
