  2.2501953e+002 -4.7323370e+000 -2.7856848e+000 -7.0020801e+001  4.2518875e+000 -7.9917354e+001
 -4.7323370e+000  1.3015860e+002  3.0619886e+001 -4.1357396e+000 -2.1431258e+001 -3.2182631e+000
 -2.7856848e+000  3.0619886e+001  2.6673752e+002  2.2902894e+001 -2.1834288e+002 -1.0960152e+002
 -7.0020801e+001 -4.1357396e+000  2.2902894e+001  3.3288933e+002  9.7362092e+000  3.5936724e+001
  4.2518875e+000 -2.1431258e+001 -2.1834288e+002  9.7362092e+000  5.4138105e+002  2.0380408e+002
 -7.9917354e+001 -3.2182631e+000 -1.0960152e+002  3.5936724e+001  2.0380408e+002  1.2289349e+003
