  2.1438125e+002  1.7106332e-011  7.1298548e-011 -5.2614281e+001 -4.7896139e-011 -2.9850618e-012
  1.7106332e-011  1.4667053e+002  4.3104343e+001  2.3980530e-012 -7.2752377e+000  1.0365899e+002
  7.1298548e-011  4.3104343e+001  2.3198070e+002 -2.8670209e-012 -1.8563094e+002 -1.5421325e+002
 -5.2614281e+001  2.3980530e-012 -2.8670209e-012  2.9556292e+002  1.0348282e-011  4.6125286e-011
 -4.7896139e-011 -7.2752377e+000 -1.8563094e+002  1.0348282e-011  4.5480156e+002  4.2968993e+002
 -2.9850618e-012  1.0365899e+002 -1.5421325e+002  4.6125286e-011  4.2968993e+002  1.7247862e+003
