  2.0773324e+002 -1.7484222e+001 -3.0835662e+001 -6.5897273e+000  7.5265797e+000  1.9512138e+002
 -1.7484222e+001  1.2698464e+002  5.0602012e+001 -1.4398552e+001 -3.3426056e+001 -5.7871874e+001
 -3.0835662e+001  5.0602012e+001  2.5431811e+002 -5.5206526e+001 -2.0995726e+002 -1.5258737e+002
 -6.5897273e+000 -1.4398552e+001 -5.5206526e+001  3.3125321e+002 -2.8302200e+001 -3.0437822e+001
  7.5265797e+000 -3.3426056e+001 -2.0995726e+002 -2.8302200e+001  4.8935680e+002  2.3261387e+002
  1.9512138e+002 -5.7871874e+001 -1.5258737e+002 -3.0437822e+001  2.3261387e+002  1.2784170e+003
