  1.4617762e+002 -4.7463746e+000  2.5198086e+000 -3.4586417e+000  7.2019958e-001  1.3971410e+001
 -4.7463746e+000  9.7396194e+001  2.6992866e+001  1.1825142e+000 -1.6436610e+000 -8.1929308e+001
  2.5198086e+000  2.6992866e+001  1.1555942e+002  9.8316026e+000 -1.8410802e+001 -1.2048217e+002
 -3.4586417e+000  1.1825142e+000  9.8316026e+000  2.6851532e+002  4.7491817e+001  1.0040506e+001
  7.2019958e-001 -1.6436610e+000 -1.8410802e+001  4.7491817e+001  3.8539894e+002  1.4147272e+002
  1.3971410e+001 -8.1929308e+001 -1.2048217e+002  1.0040506e+001  1.4147272e+002  1.0536521e+003
