  1.2910674e+002 -1.8605403e-011 -7.4997758e-011  1.4824366e+001  3.4252077e-011  3.2802482e-011
 -1.8605403e-011  7.3527282e+001  4.8952514e+001 -1.9693953e-012 -1.8701768e+001 -3.9345453e+001
 -7.4997758e-011  4.8952514e+001  1.9689665e+002 -5.0764867e-012 -9.0381226e+001 -8.9426614e+001
  1.4824366e+001 -1.9693953e-012 -5.0764867e-012  2.5663332e+002  8.7391320e-012  4.6888485e-011
  3.4252077e-011 -1.8701768e+001 -9.0381226e+001  8.7391320e-012  3.8223447e+002  1.5543489e+002
  3.2802482e-011 -3.9345453e+001 -8.9426614e+001  4.6888485e-011  1.5543489e+002  8.4668239e+002
