  2.2116218e+002 -1.5444858e+001 -3.5259617e+000 -9.8223614e+000  1.1187254e+001 -4.3204531e+001
 -1.5444858e+001  1.4315931e+002  4.6598895e+001 -1.3990944e+001 -1.5405001e+001  8.6676343e+001
 -3.5259617e+000  4.6598895e+001  2.6955394e+002 -4.9438711e+000 -1.9338599e+002 -1.5409373e+002
 -9.8223614e+000 -1.3990944e+001 -4.9438711e+000  2.2502006e+002  2.6465196e+001  1.1406302e+000
  1.1187254e+001 -1.5405001e+001 -1.9338599e+002  2.6465196e+001  4.9975648e+002  4.3606425e+002
 -4.3204531e+001  8.6676343e+001 -1.5409373e+002  1.1406302e+000  4.3606425e+002  1.6574801e+003
