229
272
333
1428
1464
1540
1793
1824
1974
2350
2433
2517
3053
3074
3221
3669
4218
4405
4497
4676
4707
4713
4829
5081
5124
5201
5322
5399
5525
5602
5613
5648
5990
6020
6079
6086
6205
6216
6358
6441
6660
6746
6940
7182
7281
7508
7716
7843
8308
8572
8620
8835
8930
8965
9246
9479
9803
9877
9904
10023
10192
10267
10420
10475
10527
10869
11225
11414
11615
12151
12510
12795
13415
13611
14169
14463
14477
14612
14965
15311
15390
15474
15596
15652
16030
16074
16081
16255
16387
16788
16912
17065
17115
17429
17531
17834
18339
18703
19396
19547
