315
854
881
957
1159
1222
1292
1410
2097
2457
2573
2614
2909
3102
3119
3440
3594
3762
3770
4228
4440
4732
4927
5124
5222
5575
5807
5836
5946
6151
6219
6223
6482
6662
6756
6784
6804
6845
7060
7076
7100
7352
7395
7845
7926
8008
8074
8310
8547
8559
8783
8784
9188
9668
9895
9904
10385
10438
10466
10965
11230
11261
11361
11530
12102
12194
12612
12799
13019
13103
13687
13799
13867
14755
14829
14955
15112
15138
15239
15240
15732
15753
15863
16155
16201
16352
16516
16908
17263
17316
17895
18199
18307
18580
18687
18773
19203
19282
19769
19892
