72
192
660
819
847
1769
2206
2391
2420
2789
2926
2959
3125
3281
3329
3539
3819
3922
4123
4178
4688
5074
5184
5277
5511
5581
5618
6508
6548
6588
6877
6916
7091
7420
7454
7461
7761
7787
7861
7868
8328
8392
8393
8398
8851
8912
8933
9011
9211
9312
9335
9444
9643
9865
9940
10096
10264
10721
10812
10865
11921
11983
12354
12439
12477
12898
12992
13001
13093
13458
14028
14121
14211
14643
14741
15096
15154
15225
15326
15568
15615
15673
15894
15913
16135
16336
16518
16809
16924
16929
17407
17473
17680
17971
18513
18680
18926
18933
19233
19531
