329
798
1134
1346
1666
1759
1768
1929
1937
1949
2269
2341
2396
2426
2451
2491
2502
2647
3086
3134
3204
3285
3468
3530
3722
3739
3762
3823
3917
4041
4155
4432
4548
4889
4910
4981
4996
5172
5434
5553
5652
6149
6403
6552
6581
6598
6666
6837
6865
7010
7112
7148
7242
7263
7314
7329
7377
7889
7890
7895
7904
8101
8118
8282
8519
8549
8676
8942
8954
9351
9717
9806
9884
10013
10032
10081
10288
10422
10528
10612
10654
10721
10784
10871
10945
10963
11738
13553
14352
14915
16422
17228
17483
17786
18537
18897
19194
19467
19498
19885
