  1.7095702e+002 -3.5018852e-012 -8.2986156e-012 -6.3571727e+001  2.9993533e-013  3.7073113e-011
 -3.5018852e-012  1.2513906e+002  5.9208610e+001  3.5287695e-013 -4.6517351e+000 -5.2387964e+000
 -8.2986156e-012  5.9208610e+001  1.1825402e+002  1.7424538e-012  2.3026819e+001 -7.4442227e+001
 -6.3571727e+001  3.5287695e-013  1.7424538e-012  1.2387261e+002 -6.7005397e-013 -3.2705497e-011
  2.9993533e-013 -4.6517351e+000  2.3026819e+001 -6.7005397e-013  2.5823173e+002  2.4083281e+001
  3.7073113e-011 -5.2387964e+000 -7.4442227e+001 -3.2705497e-011  2.4083281e+001  1.1705979e+003
