  4.1817045e+002 -2.5574962e-012  1.6583190e-012 -7.1788918e+001 -1.9935849e-013 -1.0920310e-010
 -2.5574962e-012  1.4042503e+002  7.5942797e+001  8.5881659e-013 -4.6583592e+001 -2.7386461e+001
  1.6583190e-012  7.5942797e+001  1.8166696e+002  4.8366393e-012 -4.3416878e+001 -2.0819087e+002
 -7.1788918e+001  8.5881659e-013  4.8366393e-012  2.4603847e+002  4.8507874e-012 -6.1549703e-011
 -1.9935849e-013 -4.6583592e+001 -4.3416878e+001  4.8507874e-012  8.7404581e+002  4.3733930e+001
 -1.0920310e-010 -2.7386461e+001 -2.0819087e+002 -6.1549703e-011  4.3733930e+001  2.2208065e+003
