  3.0215037e+002  8.1079784e+000  1.9704325e+001 -1.0921937e+002  7.4376879e+001  3.7490114e+002
  8.1079784e+000  1.5602714e+002 -1.2885027e+000 -5.4079446e+001  5.7872603e+001  1.7924942e+002
  1.9704325e+001 -1.2885027e+000  1.0487310e+002 -1.6842524e+001 -2.6948340e+001 -8.3745078e+001
 -1.0921937e+002 -5.4079446e+001 -1.6842524e+001  1.9209146e+002 -3.1332888e+001 -1.4431713e+002
  7.4376879e+001  5.7872603e+001 -2.6948340e+001 -3.1332888e+001  2.7689330e+002  4.2503946e+002
  3.7490114e+002  1.7924942e+002 -8.3745078e+001 -1.4431713e+002  4.2503946e+002  2.3002169e+003
