506
655
873
911
1890
2229
2539
2819
2857
3179
3364
3444
3496
3634
3723
3883
4015
4439
4568
4580
4665
4723
4908
5021
5306
5365
5404
5544
5548
5615
5862
6123
6142
6195
6545
6547
6637
6913
7099
7242
7321
7375
7425
7569
7651
7684
7699
7719
7729
7866
8001
8108
8294
8331
8372
8430
8439
8536
8623
8693
8708
8777
8851
8867
8909
8955
9122
9135
9143
9395
9440
9450
9510
9559
9783
9822
9859
9884
10218
10226
10285
10315
10365
10397
10497
10510
10592
10784
10897
10987
11091
13189
13682
14572
14640
15592
15694
15765
16089
17918
