55
93
397
970
1072
1109
1368
1727
2423
2463
2635
2862
2916
2925
3004
3028
3049
3317
3504
3708
3741
3832
3883
3931
4156
4231
4251
5045
5392
5518
5922
5987
6107
6135
6157
6218
6454
6609
6612
6690
6711
7037
7290
7337
7366
7590
7667
7679
7786
7979
8115
8562
8630
8781
8922
8955
9049
9158
9292
9314
9318
9444
9479
9519
9554
9653
9672
9732
9781
9807
9820
9930
10086
10228
10239
10319
10346
10390
10462
10489
10549
10567
10709
10718
10776
10958
11054
12535
12888
16216
16986
17653
17674
17797
18614
18763
19047
19205
19302
19432
