65
666
819
967
1440
1494
1518
1677
1799
2401
2678
2753
2772
3137
3219
3543
3995
4107
4416
4676
4717
4797
5010
5055
5096
5097
5287
5348
5410
5463
5576
5621
6371
6495
6533
6629
6672
6790
6830
6868
6878
6967
7617
7719
8037
8089
8117
8120
8218
8235
8262
8267
8398
8489
8537
8564
8637
8792
9108
9166
9217
9228
9230
9243
9308
9484
9496
9653
9692
9736
9812
9849
9859
9872
9944
10174
10201
10293
10383
10385
10395
10488
10532
10566
10708
10711
10721
10777
10837
11722
11842
12524
12652
14578
17177
17220
17366
17671
18729
19487
