47
445
2385
2724
2905
2996
3101
3181
3337
3797
4031
4141
4243
4487
4510
4513
4602
4707
4742
5087
5116
5518
5548
5585
5605
6157
6237
6742
6884
7273
7394
7407
7489
7554
7599
7667
7707
7726
7820
7860
7920
7935
7965
8006
8098
8101
8125
8203
8294
8455
8617
8655
8763
8798
8875
8905
8970
8983
9034
9043
9273
9341
9530
9567
9599
9645
9719
9822
9847
9911
9936
10033
10062
10152
10204
10254
10326
10609
10645
10794
10837
10940
11026
11098
11108
11796
11840
16596
17119
17154
17741
17868
18109
18208
18561
18974
19129
19260
19283
19760
