505
534
600
628
787
964
1040
1323
1555
1666
2167
2174
2362
2509
2569
2678
2906
2974
2992
3408
4041
4086
4273
4410
4507
4564
4685
4750
4829
4881
4896
4966
5087
5393
5410
5442
5527
5594
5596
6281
6459
6589
6641
6867
7023
7468
7486
7562
7726
7751
7788
7876
8007
8072
8122
8318
8516
8625
8650
8751
8845
8901
8907
9108
9142
9171
9216
9245
9526
9626
9671
9805
9814
9847
9854
10265
10316
10531
10549
10562
10570
10593
10622
10631
10872
10926
13508
14150
14229
14572
14696
15335
16048
17289
17900
18380
18429
18775
19485
19500
