302
698
1010
1045
1088
1264
1486
1710
1894
2372
2376
2545
2621
2622
2706
3184
3234
3314
3528
3545
3719
3794
3855
3972
4129
4230
4288
4479
4613
4693
4865
4897
5390
5433
5495
5645
5671
5802
5894
5912
6031
6249
6400
7024
7121
7433
7440
7653
7661
7804
7807
7857
8144
8148
8216
8363
8538
8621
8664
9118
10101
10301
10440
10461
10609
11469
11754
11825
12170
12453
12809
13088
13174
13384
13581
13917
14039
14337
14998
15432
15536
15730
15794
15804
15853
16087
16949
17031
17064
17096
17161
17359
18083
18351
18434
18532
18951
18953
19271
19886
