974
1081
1291
1376
1916
1938
2032
2222
2396
2732
3372
3441
3472
3746
3929
4179
4209
4354
4367
4378
4720
4811
4908
5578
5632
5644
5672
5698
5832
5849
5927
5993
6221
6528
6537
6661
6819
6920
6989
7032
7033
7120
7359
7583
7638
7824
7860
7977
8157
8167
8281
8312
8399
8405
8551
8651
8700
8728
8882
9088
9250
9332
9560
9590
9923
9940
10803
10940
10964
11156
11392
11465
11596
11606
12899
13174
13589
14591
14767
15469
15546
15716
15899
15949
16027
16382
16396
16402
16741
16787
16797
17317
17343
17582
17686
17927
18720
18987
19083
19463
