72
266
518
577
1034
1157
1199
1226
1285
1413
1435
1449
1498
1550
1865
1868
2271
2575
2747
3051
3354
3555
3562
3620
3934
4217
4300
4604
4646
4822
5200
5242
5370
5530
5536
5694
5947
5977
6283
6376
6620
6979
7061
7213
7280
8559
8881
8888
9175
9525
9738
10311
10498
10898
11064
12142
12245
12343
12445
12743
13210
13324
13535
13662
13991
14001
14094
14446
14702
14776
14801
15275
15626
15767
16002
16089
16214
16503
16753
16782
16803
16817
16934
17118
17240
17509
17706
17707
18243
18676
18709
18722
18949
19009
19114
19268
19672
19764
19782
19862
