27
514
804
1049
1144
1158
1408
1504
1693
2033
2248
2689
3001
3450
3574
3592
3621
3859
3863
4004
4030
4140
4179
4332
4485
5020
5072
5093
5190
5257
5442
5456
5537
5609
5760
6077
6157
6194
6628
6740
6928
7032
7285
7374
7912
8109
8334
8705
9145
9162
9414
10019
10239
10662
10696
11138
11446
11544
11731
11955
11962
12185
12210
12353
12487
12505
12862
13250
13371
13473
14105
14136
14421
14423
14553
14626
14646
15073
15525
16122
16321
16537
16573
16924
17230
17242
17389
17424
17649
17974
18178
18528
18728
18798
18920
18963
19692
19735
19813
19848
