493
613
634
720
1475
1635
1955
2167
2402
2411
2487
2666
2771
3177
3198
3315
3387
3438
3507
3862
3899
4038
4548
4618
4672
4887
4900
4924
5073
5565
5574
5599
5800
5832
6011
6098
6185
6343
6350
6410
6636
6823
6828
7027
7161
7174
7249
7741
7749
7763
7948
7979
8398
8505
8511
8521
8537
8584
8661
8736
8848
8859
8893
8924
8943
8971
8985
9179
9274
9460
9462
9497
9628
9642
9678
9819
9851
9908
9909
10134
10149
10198
10294
10474
10801
10931
10983
11003
11268
12651
15104
15828
16483
16899
17096
17144
17868
17918
17992
19858
