141
195
421
472
565
569
624
635
899
959
1079
1181
1483
1494
1577
1663
1829
1897
1927
2639
2819
2838
3039
3182
3266
3578
3723
3811
4003
4097
4320
4400
4437
4461
4465
4822
5349
5589
5621
5850
6141
6357
6568
6634
7027
7186
7194
7349
7417
7489
7579
8100
8217
8315
8498
9006
9162
9263
9273
9283
9354
10063
10556
10636
10783
10828
10839
10845
11311
12524
12940
12946
13114
13328
14202
14709
14969
15312
15349
15497
15682
16624
16724
16791
16869
17113
17438
17921
17969
18058
18576
19000
19010
19016
19431
19577
19693
19863
19873
19920
