164
410
698
787
1541
1734
2268
3081
3085
3187
3339
3364
3688
3818
4011
4065
4078
4112
4273
4278
4820
5300
5322
5516
5764
5794
5904
6510
6606
6676
6782
6921
7017
7023
7141
7192
7292
7310
7428
7508
7675
7744
8128
8181
8385
8427
8560
8572
8659
8781
8841
8863
8916
9070
9144
9197
9300
9510
9586
9628
9637
9728
9822
9878
9908
9922
9953
9969
10017
10019
10112
10155
10183
10184
10207
10372
10487
10505
10590
10806
10809
10812
10873
10886
12738
13621
16030
16048
16883
17144
17517
18044
18382
18599
18836
19084
19340
19469
19598
19762
