278
299
356
555
724
974
1476
1664
1798
1971
1979
2193
2281
2579
2595
2755
2845
3139
3175
3516
3541
3600
3689
3788
4240
4472
4778
4854
4946
4966
5005
5179
5230
5246
5455
5738
5905
5920
5930
5987
6051
6149
6197
6210
6445
6460
6579
6600
6700
6879
6900
7379
7384
7784
7977
8281
8323
8494
8564
8584
8613
8811
8896
8955
9141
9284
9322
9404
9517
9542
9549
9563
9577
9632
9733
10176
10256
10453
10586
10590
10725
10807
10844
10972
10975
11064
11082
12312
14531
14813
15104
16240
16273
16515
17113
17162
17558
19111
19150
19399
