312
357
852
994
1430
2070
2250
2482
2513
2589
2733
2898
2988
3326
3373
3599
3627
3931
4005
4231
4241
4333
4375
4449
4565
4600
4762
4787
4853
4876
4946
5155
5608
5694
6268
6296
6364
6382
6552
6671
6796
6818
6826
6962
7074
7098
7183
7227
7264
7283
7404
7497
7604
7647
7651
7955
7996
8015
8187
8474
8530
8531
8741
8872
8874
8977
9068
9077
9170
9342
9356
9364
9389
9485
9756
9780
10059
10081
10172
10381
10395
10401
10597
10764
10844
10871
10874
11072
11795
11864
12806
14578
15647
15999
16693
18211
18495
19485
19817
19997
