357
406
885
1377
1387
1794
1897
1986
2193
2815
2833
2926
3013
3022
3261
3267
3322
3331
3821
3830
3943
4056
4153
4251
4404
4750
4760
5060
5241
5381
5533
6359
6432
6530
6534
6603
6644
6789
6826
6839
7090
7118
7202
7230
7276
7395
7622
7656
7714
7831
7835
7919
7941
8026
8178
8587
8637
8939
8988
9299
9712
9809
9877
10013
10206
10344
10593
10661
10828
10965
10980
11421
12371
12461
12759
12990
13070
13204
14735
15416
15546
16294
16388
16578
16784
17058
17180
17273
17737
17755
17825
17839
18238
18727
18870
19000
19140
19429
19431
19720
