1069
1263
1657
1692
1719
2517
2912
2915
3043
3051
3748
3800
3938
4168
4290
4536
4538
4672
5031
5316
5503
5516
5540
5940
5953
6006
6401
6540
6890
7136
7153
7310
7981
8078
8197
8238
8639
8857
8974
9460
9688
9840
9870
10097
10310
10313
10316
11310
11584
11588
11671
12026
12062
12643
12656
12890
13060
13081
13140
13144
13209
13304
13353
13453
13710
13859
13890
14099
14193
14245
14357
14473
14974
15219
15240
15677
16251
16344
16437
16578
16772
16993
17162
17175
17369
17866
18619
18646
18913
19101
19134
19162
19261
19323
19397
19423
19432
19736
19817
19976
