224
433
482
532
585
1216
1217
1739
2767
2776
3385
4010
4036
4217
4317
4384
4885
5069
5318
5677
5809
6189
6200
6373
6654
7055
7436
7449
7579
8028
8082
8213
8286
8360
8422
8464
8799
8832
8980
9074
9412
9449
9726
9760
9835
10151
10362
10566
10867
11406
11425
11460
11531
12323
12524
12534
12709
12961
13052
13074
13220
13340
13444
13493
13825
14356
14465
14636
14685
14734
14799
14868
15101
15468
15878
16006
16131
16178
16228
16426
16940
16996
17059
17136
17294
17401
17453
17604
17830
17953
18307
18454
18515
18632
18649
18860
19044
19357
19590
19923
