158
274
403
452
553
606
791
845
1309
1660
1955
2091
2130
2193
2228
2394
2750
2927
3044
3198
3746
3823
3851
4090
4280
4713
4911
5310
5382
5405
5635
5897
6101
6182
6235
6402
6526
6570
6910
7395
7669
8062
8259
8291
8341
8369
8650
8944
9128
9264
9707
9826
9936
10210
10370
10535
10700
10753
10771
11021
11466
11712
12405
12435
12662
12710
12712
12764
12990
13334
13366
13443
13719
14247
14337
14582
14956
15063
15621
15697
15926
16434
16437
16512
16592
16794
16821
17385
17475
17614
17748
18134
18158
18274
18451
18465
18589
18802
19015
19505
