186
196
891
960
973
1081
1465
1481
1829
2023
2371
2561
2670
2876
3041
3178
3304
3417
3506
3537
3742
3933
4069
4142
4147
4371
4434
4826
4880
4922
5246
5634
5752
5798
6123
6131
6357
6391
6777
6997
7171
7268
7389
7627
7750
7837
7860
8641
8734
8737
9028
9093
9257
9622
9648
10233
10558
10952
11055
11123
11205
11333
11725
11729
11747
11770
12350
12621
12701
12918
13002
13211
13310
13352
14291
14405
14610
14773
15057
15109
15498
16014
16055
16128
16382
16460
16531
16917
16919
17804
18025
18062
18677
18971
19106
19368
19442
19466
19562
19633
