182
331
2249
2328
2422
2524
2883
3041
3187
3200
3522
3855
3964
3979
4309
4395
4613
4879
4912
5134
5284
5426
5582
5732
5828
5857
6015
6226
6227
6618
6731
6741
6748
6833
6926
6961
7183
7214
7466
7500
7512
7526
7553
7608
7626
7795
7961
7986
8215
8219
8248
8317
8329
8345
8382
8542
8548
8794
8932
9243
9275
9292
9328
9517
9660
9674
9766
9829
9842
10034
10146
10270
10292
10305
10308
10334
10362
10385
10464
10489
10517
10539
10559
10634
10708
10943
11050
11150
11815
12320
12360
14257
15741
16914
17289
17448
17848
18171
18985
19367
