219
654
915
1134
1940
2196
2199
2298
2389
3027
3082
3535
3604
3783
3943
4118
4152
4210
4244
4288
4412
4634
4708
4839
4899
4912
5021
5060
5082
5097
5879
6070
6308
6365
6438
6565
6632
6661
6756
6853
6870
6939
7018
7024
7204
7231
7308
7421
7495
7500
7584
7628
8043
8124
8319
8409
8609
8795
8801
8821
8901
8922
8960
9021
9029
9043
9137
9223
9270
9292
9398
9503
9506
9633
9700
9821
9982
10027
10064
10138
10192
10244
10326
10337
10754
10799
10869
10881
11008
11587
12953
13995
15573
15589
16914
17141
17573
17863
17880
19207
