503
629
632
1154
1337
1368
1469
2346
2533
3299
3746
3939
4364
4500
4556
4572
4577
4619
4928
4978
5156
5182
5283
5317
5327
5653
5672
5862
5909
6071
6078
6144
6319
6397
6530
6567
6853
7083
7195
7323
7392
7433
7494
7785
7798
8078
8166
8178
8322
8381
8450
8503
8510
8516
8898
9043
9165
9406
9506
9547
9577
9593
9618
9675
9682
9683
9690
9792
9839
9876
9893
9911
9921
9939
9969
10257
10290
10310
10318
10321
10426
10482
10840
10845
10891
10896
10951
10966
11588
12406
13400
15100
15498
15789
16806
19063
19267
19414
19560
19921
