444
601
1230
1410
1941
2507
2519
3082
3209
3319
3535
3730
4184
4824
4830
4860
4872
5239
5597
5912
5962
5975
6077
6329
6348
6368
6654
6763
6828
6871
6923
6998
7067
7119
7172
7310
7513
7681
7873
8080
8105
8271
8430
8548
8609
8660
8758
8794
8860
8871
9081
9105
9132
9137
9245
9332
9394
9629
9658
9664
9717
9729
9738
9792
9793
9830
10138
10142
10237
10275
10308
10392
10403
10404
10484
10489
10530
10533
10553
10737
10764
10769
10829
10873
10912
10917
10925
11487
11947
12132
12843
14178
15196
15740
16509
18426
19327
19437
19592
19962
