91
318
757
762
1021
1128
1330
1512
1810
2999
3161
3499
3637
3854
3921
4320
4978
5006
5329
5465
5549
5591
5842
5850
5927
6071
6083
6174
6423
6440
6504
6834
6846
7012
7078
7216
7227
7272
7329
7443
7470
7508
7672
7695
7766
8026
8093
8277
8445
8457
8477
8623
8681
8738
8753
8926
9076
9245
9283
9359
9623
9660
9675
9711
9756
9832
9881
9893
9943
9973
10028
10156
10218
10272
10290
10300
10308
10330
10554
10561
10595
10600
10676
10682
10795
10798
10823
11043
13542
15439
15789
16119
16398
17695
18203
18871
19493
19624
19641
19739
