317
391
1030
1261
1323
1810
1819
1977
2108
2145
2810
2957
2962
2984
3055
3421
3451
3482
3739
3771
3778
4711
4724
4870
4888
4981
5008
5118
5162
5331
5526
5542
5649
5752
5868
5887
5978
6462
6700
7005
7067
7076
7176
7454
7484
7587
7642
7694
7965
8053
8261
8277
8400
8636
8695
8706
8762
8782
8784
8838
9097
9373
9414
9456
9722
9911
10049
10061
10464
10507
10574
10632
10717
10737
10947
11588
11623
11637
11667
11887
12330
12552
13357
13429
13631
13730
14013
15078
16395
16934
16964
17944
17994
18119
18422
19136
19161
19441
19586
19866
