30
328
332
372
938
956
1049
1166
1200
2226
2287
2298
2380
2401
2811
2943
3582
3912
4014
4934
4985
5033
5597
5724
5845
5961
6297
6316
6335
6367
6391
7208
7258
7301
7431
7600
7612
7630
7670
8063
8362
8443
8476
8922
8935
10115
10157
10269
10727
11050
11261
11534
11749
11791
11947
12122
12185
12193
12222
12276
12376
12382
12419
12762
12784
12921
12935
13084
13292
13376
13488
13829
13917
14450
14491
14716
14917
15209
15372
15487
15572
16166
16445
16592
16629
17008
17058
17173
17208
17379
17582
18051
18120
18226
18277
18311
18516
18879
19658
19991
