90
607
838
1075
1229
1261
1340
1993
2301
2455
2477
2566
3010
3063
3104
3120
3285
3463
3575
4030
4090
4347
4744
4915
4927
5021
5170
5198
5307
5777
5839
5909
5952
6050
6312
6452
6478
6580
6621
6716
6760
6793
6872
7279
7340
7387
7628
7673
8383
8396
8633
9064
9162
10068
10346
10514
10559
10643
10888
11387
11999
12208
12872
13124
13187
13770
13863
13891
14023
14113
14234
14241
14340
14456
14805
14982
15503
15548
15769
15875
16122
16231
16380
17008
17094
17386
17549
17554
17758
17840
18073
18332
18357
18401
18420
18530
18716
19159
19171
19809
