76
251
662
771
827
870
1012
1028
1269
1915
1927
2107
2246
2311
2347
2402
2434
2538
3075
3499
3537
3541
3760
3897
3982
4385
4493
4509
4739
5055
5194
5379
5582
5801
6366
6403
7087
7294
7493
8173
8405
8482
8524
8620
8719
9180
9258
9311
9749
9870
9882
10073
10094
10262
10540
10638
10891
11118
11170
11419
11435
11507
11750
11768
11838
12376
12798
12970
13618
13776
13944
13949
14584
14936
15326
15409
15509
15909
16036
16206
16761
16793
16881
16911
17131
17468
17622
17717
17732
17834
17955
18071
18109
18390
18407
18432
18653
18816
19700
19762
