125
549
668
773
1052
1187
1315
1327
1671
1732
1890
1966
2107
2373
2710
2810
2848
2997
3182
3350
3466
3520
3597
3704
4075
4391
5019
5405
5602
5741
6044
6455
6515
6551
6744
6928
7442
7950
8009
8172
8203
8428
8528
8940
8960
8998
9121
9193
9329
9571
9645
9673
9794
9799
9849
9882
10064
10182
10672
10714
11378
11729
11750
11768
12529
12829
12871
13000
13265
13358
13512
13622
13941
14123
14706
14754
14978
15214
15226
15230
15304
15487
15705
15738
15912
15941
16042
16698
17248
17283
17309
17448
17687
17901
17978
18053
18466
19308
19447
19776
