579
633
705
888
1582
1673
1720
1854
2156
2424
2602
2952
3184
3546
3757
3876
3942
3974
4167
4239
4355
4387
4469
4691
4719
4830
4873
4920
5231
5578
5613
5748
5916
5950
6034
6144
6185
6198
6360
6511
6551
6670
6837
7056
7153
7214
7306
7392
7488
7688
7794
7848
7866
7982
8165
8265
8390
8462
8705
8798
8820
8895
8949
9013
9045
9189
9276
9368
9441
9547
9697
9938
9966
9976
9983
10028
10050
10122
10263
10366
10418
10661
10796
10885
11026
12879
13351
14444
15664
15795
16863
17087
17444
17559
18341
18492
18952
19082
19094
19414
