286
757
934
1411
1430
2507
2853
2904
3226
3473
3745
3750
3964
4018
4122
4182
4274
4433
4546
4587
4598
5630
5835
5848
5997
6144
6290
6321
6360
6388
6403
6508
6625
6677
6772
6875
6943
6995
7143
7150
7333
7423
7576
7620
7682
7696
7852
7963
7976
8090
8164
8250
8394
8529
8559
8673
8911
8939
8951
8959
9020
9072
9090
9205
9216
9268
9443
9605
9638
9647
9684
9837
10078
10131
10349
10433
10493
10550
10562
10571
10663
10785
10860
10978
11083
12740
12911
13493
13574
13611
15450
16418
16692
16863
17575
18100
18485
18546
19359
19833
