579
849
860
949
978
1033
1347
1410
1439
1453
1579
1680
1981
2097
2166
2524
2551
2620
2643
3017
3060
3127
3220
3221
3289
3586
3909
4749
4824
4860
5068
5082
5097
5404
5696
5802
5901
5916
6199
6260
6292
6566
6682
6870
6904
6972
6979
7021
7084
7317
7329
7361
7423
7477
7494
7581
7894
7976
8107
8153
8390
8529
8706
9108
9132
9199
9318
9344
9383
9456
9548
9764
9883
9930
10029
10038
10164
10206
10267
10499
10505
10508
10523
10559
10590
10621
10694
10792
10836
10903
11039
11601
13078
13455
13574
14970
16264
16628
16976
17205
