194
584
660
671
775
1245
1454
1706
1844
1915
1992
2022
2254
2530
2672
2857
2962
3011
3017
3267
3398
3617
3767
3812
3874
4185
4287
4328
4463
4522
4527
4587
4849
4930
4970
5231
5252
5580
5839
6052
6112
6158
6305
6679
6707
6949
7150
7241
7303
7513
7531
7575
7599
7867
7872
7931
7946
8080
8217
8227
8366
8596
8598
8643
8650
8792
9385
9460
9551
9634
9655
9823
9848
9958
10073
10103
10195
10312
10349
10445
10508
10583
10700
11609
13270
13731
14149
14915
15007
17164
17205
17208
17504
17954
18338
18989
19158
19782
19833
19946
