816
924
1415
1986
2252
2328
2776
2835
3710
3746
3750
3946
4142
4168
4374
4498
4608
4938
5004
5186
5190
5214
5463
5563
5629
5901
6109
6161
6176
6198
6229
6233
6266
6305
6587
6647
6904
6908
6933
7214
7281
7308
7408
7441
7516
7656
7723
7750
7793
7924
8021
8063
8181
8412
8510
8574
8942
8949
9008
9165
9181
9223
9370
9411
9504
9506
9529
9611
9629
9896
10054
10070
10103
10257
10506
10527
10541
10563
10700
10734
10800
10904
11015
11065
11094
11108
11913
12330
12876
13398
15741
16646
17033
17573
17575
17954
18108
19092
19782
19955
